% time	cellId	IMSI	RNTI	txMode	layer	mcs	size	rv	ndi	correct	ccId
1013	1	1	1	0	0	28	2196	0	1	1	0
1068	1	1	1	0	0	28	2196	0	1	1	0
1083	1	1	1	0	0	28	2196	0	1	1	0
1103	1	1	1	0	0	28	2196	0	1	1	0
1118	1	1	1	0	0	28	2196	0	1	1	0
1158	1	1	1	0	0	28	2196	0	1	1	0
1173	1	1	1	0	0	28	2196	0	1	1	0
1193	1	1	1	0	0	28	2196	0	1	1	0
1208	1	1	1	0	0	28	2196	0	1	1	0
1228	1	1	1	0	0	28	2196	0	1	1	0
1229	1	1	1	0	0	28	2196	0	1	1	0
1243	1	1	1	0	0	28	2196	0	1	1	0
1263	1	1	1	0	0	28	2196	0	1	1	0
1264	1	1	1	0	0	28	2196	0	1	1	0
1265	1	1	1	0	0	28	2196	0	1	1	0
1278	1	1	1	0	0	28	2196	0	1	1	0
1298	1	1	1	0	0	28	2196	0	1	1	0
1299	1	1	1	0	0	28	2196	0	1	1	0
1300	1	1	1	0	0	28	2196	0	1	1	0
1301	1	1	1	0	0	28	2196	0	1	1	0
1313	1	1	1	0	0	28	2196	0	1	1	0
1333	1	1	1	0	0	28	2196	0	1	1	0
1334	1	1	1	0	0	28	2196	0	1	1	0
1335	1	1	1	0	0	28	2196	0	1	1	0
1336	1	1	1	0	0	28	2196	0	1	1	0
1337	1	1	1	0	0	28	2196	0	1	1	0
1348	1	1	1	0	0	28	2196	0	1	1	0
1368	1	1	1	0	0	28	2196	0	1	1	0
1370	1	1	1	0	0	28	2196	0	1	1	0
1372	1	1	1	0	0	28	2196	0	1	1	0
1373	1	1	1	0	0	28	2196	0	1	1	0
1374	1	1	1	0	0	28	2196	0	1	1	0
1375	1	1	1	0	0	28	2196	0	1	1	0
1395	1	1	1	0	0	28	2196	0	1	1	0
1407	1	1	1	0	0	28	2196	0	1	1	0
1408	1	1	1	0	0	28	2196	0	1	1	0
1410	1	1	1	0	0	28	2196	0	1	1	0
1411	1	1	1	0	0	28	2196	0	1	1	0
1430	1	1	1	0	0	28	2196	0	1	1	0
1433	1	1	1	0	0	28	2196	0	1	1	0
1436	1	1	1	0	0	28	2196	0	1	1	0
1437	1	1	1	0	0	28	2196	0	1	1	0
1445	1	1	1	0	0	28	2196	0	1	1	0
1465	1	1	1	0	0	28	2196	0	1	1	0
1466	1	1	1	0	0	28	2196	0	1	1	0
1467	1	1	1	0	0	28	2196	0	1	1	0
1468	1	1	1	0	0	28	2196	0	1	1	0
1469	1	1	1	0	0	28	2196	0	1	1	0
1470	1	1	1	0	0	28	2196	0	1	1	0
1471	1	1	1	0	0	28	2196	0	1	1	0
1472	1	1	1	0	0	28	2196	0	1	1	0
1473	1	1	1	0	0	28	2196	0	1	1	0
1474	1	1	1	0	0	28	2196	0	1	1	0
1475	1	1	1	0	0	28	2196	0	1	1	0
1476	1	1	1	0	0	28	2196	0	1	1	0
1477	1	1	1	0	0	28	2196	0	1	1	0
1478	1	1	1	0	0	28	2196	0	1	1	0
1480	1	1	1	0	0	28	2196	0	1	1	0
1493	1	1	1	0	0	28	2196	0	1	1	0
1498	1	1	1	0	0	28	2196	0	1	1	0
1499	1	1	1	0	0	28	2196	0	1	1	0
1500	1	1	1	0	0	28	2196	0	1	1	0
1501	1	1	1	0	0	28	2196	0	1	1	0
1505	1	1	1	0	0	28	2196	0	1	1	0
1506	1	1	1	0	0	28	2196	0	1	1	0
1507	1	1	1	0	0	28	2196	0	1	1	0
1508	1	1	1	0	0	28	2196	0	1	1	0
1509	1	1	1	0	0	28	2196	0	1	1	0
1510	1	1	1	0	0	28	2196	0	1	1	0
1511	1	1	1	0	0	28	2196	0	1	1	0
1512	1	1	1	0	0	28	2196	0	1	1	0
1513	1	1	1	0	0	28	2196	0	1	1	0
1514	1	1	1	0	0	28	2196	0	1	1	0
1515	1	1	1	0	0	28	2196	0	1	1	0
1516	1	1	1	0	0	28	2196	0	1	1	0
1517	1	1	1	0	0	28	2196	0	1	1	0
1518	1	1	1	0	0	28	2196	0	1	1	0
1519	1	1	1	0	0	28	2196	0	1	1	0
1520	1	1	1	0	0	28	2196	0	1	1	0
1521	1	1	1	0	0	28	2196	0	1	1	0
1522	1	1	1	0	0	28	2196	0	1	1	0
1523	1	1	1	0	0	28	2196	0	1	1	0
1524	1	1	1	0	0	28	2196	0	1	1	0
1525	1	1	1	0	0	28	2196	0	1	1	0
1526	1	1	1	0	0	28	2196	0	1	1	0
1527	1	1	1	0	0	28	2196	0	1	1	0
1528	1	1	1	0	0	28	2196	0	1	1	0
1532	1	1	1	0	0	28	2196	0	1	1	0
1542	1	1	1	0	0	28	2196	0	1	1	0
1543	1	1	1	0	0	28	2196	0	1	1	0
1545	1	1	1	0	0	28	2196	0	1	1	0
1546	1	1	1	0	0	28	2196	0	1	1	0
1547	1	1	1	0	0	28	2196	0	1	1	0
1548	1	1	1	0	0	28	2196	0	1	1	0
1549	1	1	1	0	0	28	2196	0	1	1	0
1550	1	1	1	0	0	28	2196	0	1	1	0
1551	1	1	1	0	0	28	2196	0	1	1	0
1552	1	1	1	0	0	28	2196	0	1	1	0
1553	1	1	1	0	0	28	2196	0	1	1	0
1554	1	1	1	0	0	28	2196	0	1	1	0
1555	1	1	1	0	0	28	2196	0	1	1	0
1556	1	1	1	0	0	28	2196	0	1	1	0
1557	1	1	1	0	0	28	2196	0	1	1	0
1558	1	1	1	0	0	28	2196	0	1	1	0
1559	1	1	1	0	0	28	2196	0	1	1	0
1560	1	1	1	0	0	28	2196	0	1	1	0
1561	1	1	1	0	0	28	2196	0	1	1	0
1562	1	1	1	0	0	28	2196	0	1	1	0
1563	1	1	1	0	0	28	2196	0	1	1	0
1564	1	1	1	0	0	28	2196	0	1	1	0
1565	1	1	1	0	0	28	2196	0	1	1	0
1566	1	1	1	0	0	28	2196	0	1	1	0
1567	1	1	1	0	0	28	2196	0	1	1	0
1568	1	1	1	0	0	28	2196	0	1	1	0
1569	1	1	1	0	0	28	2196	0	1	1	0
1570	1	1	1	0	0	28	2196	0	1	1	0
1571	1	1	1	0	0	28	2196	0	1	1	0
1572	1	1	1	0	0	28	2196	0	1	1	0
1573	1	1	1	0	0	28	2196	0	1	1	0
1574	1	1	1	0	0	28	2196	0	1	1	0
1575	1	1	1	0	0	28	2196	0	1	1	0
1576	1	1	1	0	0	28	2196	0	1	1	0
1578	1	1	1	0	0	28	2196	0	1	1	0
1579	1	1	1	0	0	28	2196	0	1	1	0
1580	1	1	1	0	0	28	2196	0	1	1	0
1581	1	1	1	0	0	28	2196	0	1	1	0
1582	1	1	1	0	0	28	2196	0	1	1	0
1583	1	1	1	0	0	28	2196	0	1	1	0
1584	1	1	1	0	0	28	2196	0	1	1	0
1585	1	1	1	0	0	28	2196	0	1	1	0
1586	1	1	1	0	0	28	2196	0	1	1	0
1587	1	1	1	0	0	28	2196	0	1	1	0
1588	1	1	1	0	0	28	2196	0	1	1	0
1589	1	1	1	0	0	28	2196	0	1	1	0
1590	1	1	1	0	0	28	2196	0	1	1	0
1591	1	1	1	0	0	28	2196	0	1	1	0
1592	1	1	1	0	0	28	2196	0	1	1	0
1593	1	1	1	0	0	28	2196	0	1	1	0
1594	1	1	1	0	0	28	2196	0	1	1	0
1595	1	1	1	0	0	28	2196	0	1	1	0
1596	1	1	1	0	0	28	2196	0	1	1	0
1597	1	1	1	0	0	28	2196	0	1	1	0
1598	1	1	1	0	0	28	2196	0	1	1	0
1599	1	1	1	0	0	28	2196	0	1	1	0
1600	1	1	1	0	0	28	2196	0	1	1	0
1601	1	1	1	0	0	28	2196	0	1	1	0
1603	1	1	1	0	0	28	2196	0	1	1	0
1604	1	1	1	0	0	28	2196	0	1	1	0
1605	1	1	1	0	0	28	2196	0	1	1	0
1606	1	1	1	0	0	28	2196	0	1	1	0
1608	1	1	1	0	0	28	2196	0	1	1	0
1609	1	1	1	0	0	28	2196	0	1	1	0
1610	1	1	1	0	0	28	2196	0	1	1	0
1611	1	1	1	0	0	28	2196	0	1	1	0
1612	1	1	1	0	0	28	2196	0	1	1	0
1615	1	1	1	0	0	28	2196	0	1	1	0
1616	1	1	1	0	0	28	2196	0	1	1	0
1618	1	1	1	0	0	28	2196	0	1	1	0
1619	1	1	1	0	0	28	2196	0	1	1	0
1620	1	1	1	0	0	28	2196	0	1	1	0
1622	1	1	1	0	0	28	2196	0	1	1	0
1626	1	1	1	0	0	28	2196	0	1	1	0
1627	1	1	1	0	0	28	2196	0	1	1	0
1628	1	1	1	0	0	28	2196	0	1	1	0
1629	1	1	1	0	0	28	2196	0	1	1	0
1631	1	1	1	0	0	28	2196	0	1	1	0
1633	1	1	1	0	0	28	2196	0	1	1	0
1634	1	1	1	0	0	28	2196	0	1	1	0
1635	1	1	1	0	0	28	2196	0	1	1	0
1636	1	1	1	0	0	28	2196	0	1	1	0
1637	1	1	1	0	0	28	2196	0	1	1	0
1638	1	1	1	0	0	28	2196	0	1	1	0
1639	1	1	1	0	0	28	2196	0	1	1	0
1640	1	1	1	0	0	28	2196	0	1	1	0
1641	1	1	1	0	0	28	2196	0	1	1	0
1642	1	1	1	0	0	28	2196	0	1	1	0
1643	1	1	1	0	0	28	2196	0	1	1	0
1644	1	1	1	0	0	28	2196	0	1	1	0
1645	1	1	1	0	0	28	2196	0	1	1	0
1646	1	1	1	0	0	28	2196	0	1	1	0
1647	1	1	1	0	0	28	2196	0	1	1	0
1648	1	1	1	0	0	28	2196	0	1	1	0
1649	1	1	1	0	0	28	2196	0	1	1	0
1650	1	1	1	0	0	28	2196	0	1	1	0
1651	1	1	1	0	0	28	2196	0	1	1	0
1652	1	1	1	0	0	28	2196	0	1	1	0
1653	1	1	1	0	0	28	2196	0	1	1	0
1654	1	1	1	0	0	28	2196	0	1	1	0
1655	1	1	1	0	0	28	2196	0	1	1	0
1656	1	1	1	0	0	28	2196	0	1	1	0
1657	1	1	1	0	0	28	2196	0	1	1	0
1658	1	1	1	0	0	28	2196	0	1	1	0
1659	1	1	1	0	0	28	2196	0	1	1	0
1660	1	1	1	0	0	28	2196	0	1	1	0
1661	1	1	1	0	0	28	2196	0	1	1	0
1662	1	1	1	0	0	28	2196	0	1	1	0
1663	1	1	1	0	0	28	2196	0	1	1	0
1664	1	1	1	0	0	28	2196	0	1	1	0
1665	1	1	1	0	0	28	2196	0	1	1	0
1666	1	1	1	0	0	28	2196	0	1	1	0
1667	1	1	1	0	0	28	2196	0	1	1	0
1669	1	1	1	0	0	28	2196	0	1	1	0
1670	1	1	1	0	0	28	2196	0	1	1	0
1671	1	1	1	0	0	28	2196	0	1	1	0
1672	1	1	1	0	0	28	2196	0	1	1	0
1673	1	1	1	0	0	28	2196	0	1	1	0
1674	1	1	1	0	0	28	2196	0	1	1	0
1675	1	1	1	0	0	28	2196	0	1	1	0
1676	1	1	1	0	0	28	2196	0	1	1	0
1677	1	1	1	0	0	28	2196	0	1	1	0
1681	1	1	1	0	0	28	2196	0	1	1	0
1682	1	1	1	0	0	28	2196	0	1	1	0
1685	1	1	1	0	0	28	2196	0	1	1	0
1688	1	1	1	0	0	28	2196	0	1	1	0
1689	1	1	1	0	0	28	2196	0	1	1	0
1690	1	1	1	0	0	28	2196	0	1	1	0
1691	1	1	1	0	0	28	2196	0	1	1	0
1692	1	1	1	0	0	28	2196	0	1	1	0
1693	1	1	1	0	0	28	2196	0	1	1	0
1695	1	1	1	0	0	28	2196	0	1	1	0
1697	1	1	1	0	0	28	2196	0	1	1	0
1698	1	1	1	0	0	28	2196	0	1	1	0
1701	1	1	1	0	0	28	2196	0	1	1	0
1702	1	1	1	0	0	28	2196	0	1	1	0
1715	1	1	1	0	0	28	2196	0	1	1	0
1716	1	1	1	0	0	28	2196	0	1	1	0
1717	1	1	1	0	0	28	2196	0	1	1	0
1720	1	1	1	0	0	28	2196	0	1	1	0
1721	1	1	1	0	0	28	2196	0	1	1	0
1722	1	1	1	0	0	28	2196	0	1	1	0
1723	1	1	1	0	0	28	2196	0	1	1	0
1731	1	1	1	0	0	28	2196	0	1	1	0
1736	1	1	1	0	0	28	2196	0	1	1	0
1737	1	1	1	0	0	28	2196	0	1	1	0
1738	1	1	1	0	0	28	2196	0	1	1	0
1739	1	1	1	0	0	28	2196	0	1	1	0
1740	1	1	1	0	0	28	2196	0	1	1	0
1741	1	1	1	0	0	28	2196	0	1	1	0
1742	1	1	1	0	0	28	2196	0	1	1	0
1743	1	1	1	0	0	28	2196	0	1	1	0
1751	1	1	1	0	0	28	2196	0	1	1	0
1756	1	1	1	0	0	28	2196	0	1	1	0
1757	1	1	1	0	0	28	2196	0	1	1	0
1758	1	1	1	0	0	28	2196	0	1	1	0
1771	1	1	1	0	0	28	2196	0	1	1	0
1772	1	1	1	0	0	28	2196	0	1	1	0
1773	1	1	1	0	0	28	2196	0	1	1	0
1774	1	1	1	0	0	28	2196	0	1	1	0
1775	1	1	1	0	0	28	2196	0	1	1	0
1776	1	1	1	0	0	28	2196	0	1	1	0
1789	1	1	1	0	0	28	2196	0	1	1	0
1791	1	1	1	0	0	28	2196	0	1	1	0
1792	1	1	1	0	0	28	2196	0	1	1	0
1793	1	1	1	0	0	28	2196	0	1	1	0
1794	1	1	1	0	0	28	2196	0	1	1	0
1795	1	1	1	0	0	28	2196	0	1	1	0
1796	1	1	1	0	0	28	2196	0	1	1	0
1797	1	1	1	0	0	28	2196	0	1	1	0
1798	1	1	1	0	0	28	2196	0	1	1	0
1799	1	1	1	0	0	28	2196	0	1	1	0
1800	1	1	1	0	0	28	2196	0	1	1	0
1801	1	1	1	0	0	28	2196	0	1	1	0
1802	1	1	1	0	0	28	2196	0	1	1	0
1803	1	1	1	0	0	28	2196	0	1	1	0
1804	1	1	1	0	0	28	2196	0	1	1	0
1805	1	1	1	0	0	28	2196	0	1	1	0
1806	1	1	1	0	0	28	2196	0	1	1	0
1807	1	1	1	0	0	28	2196	0	1	1	0
1808	1	1	1	0	0	28	2196	0	1	1	0
1809	1	1	1	0	0	28	2196	0	1	1	0
1810	1	1	1	0	0	28	2196	0	1	1	0
1811	1	1	1	0	0	28	2196	0	1	1	0
1812	1	1	1	0	0	28	2196	0	1	1	0
1813	1	1	1	0	0	28	2196	0	1	1	0
1814	1	1	1	0	0	28	2196	0	1	1	0
1815	1	1	1	0	0	28	2196	0	1	1	0
1816	1	1	1	0	0	28	2196	0	1	1	0
1817	1	1	1	0	0	28	2196	0	1	1	0
1818	1	1	1	0	0	28	2196	0	1	1	0
1819	1	1	1	0	0	28	2196	0	1	1	0
1820	1	1	1	0	0	28	2196	0	1	1	0
1821	1	1	1	0	0	28	2196	0	1	1	0
1822	1	1	1	0	0	28	2196	0	1	1	0
1823	1	1	1	0	0	28	2196	0	1	1	0
1824	1	1	1	0	0	28	2196	0	1	1	0
1825	1	1	1	0	0	28	2196	0	1	1	0
1826	1	1	1	0	0	28	2196	0	1	1	0
1827	1	1	1	0	0	28	2196	0	1	1	0
1828	1	1	1	0	0	28	2196	0	1	1	0
1829	1	1	1	0	0	28	2196	0	1	1	0
1830	1	1	1	0	0	28	2196	0	1	1	0
1831	1	1	1	0	0	28	2196	0	1	1	0
1832	1	1	1	0	0	28	2196	0	1	1	0
1833	1	1	1	0	0	28	2196	0	1	1	0
1834	1	1	1	0	0	28	2196	0	1	1	0
1835	1	1	1	0	0	28	2196	0	1	1	0
1836	1	1	1	0	0	28	2196	0	1	1	0
1837	1	1	1	0	0	28	2196	0	1	1	0
1838	1	1	1	0	0	28	2196	0	1	1	0
1839	1	1	1	0	0	28	2196	0	1	1	0
1840	1	1	1	0	0	28	2196	0	1	1	0
1841	1	1	1	0	0	28	2196	0	1	1	0
1842	1	1	1	0	0	28	2196	0	1	1	0
1843	1	1	1	0	0	28	2196	0	1	1	0
1844	1	1	1	0	0	28	2196	0	1	1	0
1845	1	1	1	0	0	28	2196	0	1	1	0
1846	1	1	1	0	0	28	2196	0	1	1	0
1847	1	1	1	0	0	28	2196	0	1	1	0
1848	1	1	1	0	0	28	2196	0	1	1	0
1849	1	1	1	0	0	28	2196	0	1	1	0
1850	1	1	1	0	0	28	2196	0	1	1	0
1851	1	1	1	0	0	28	2196	0	1	1	0
1852	1	1	1	0	0	28	2196	0	1	1	0
1853	1	1	1	0	0	28	2196	0	1	1	0
1854	1	1	1	0	0	28	2196	0	1	1	0
1855	1	1	1	0	0	28	2196	0	1	1	0
1856	1	1	1	0	0	28	2196	0	1	1	0
1857	1	1	1	0	0	28	2196	0	1	1	0
1858	1	1	1	0	0	28	2196	0	1	1	0
1859	1	1	1	0	0	28	2196	0	1	1	0
1860	1	1	1	0	0	28	2196	0	1	1	0
1861	1	1	1	0	0	28	2196	0	1	1	0
1862	1	1	1	0	0	28	2196	0	1	1	0
1863	1	1	1	0	0	28	2196	0	1	1	0
1864	1	1	1	0	0	28	2196	0	1	1	0
1865	1	1	1	0	0	28	2196	0	1	1	0
1866	1	1	1	0	0	28	2196	0	1	1	0
1867	1	1	1	0	0	28	2196	0	1	1	0
1868	1	1	1	0	0	28	2196	0	1	1	0
1869	1	1	1	0	0	28	2196	0	1	1	0
1870	1	1	1	0	0	28	2196	0	1	1	0
1871	1	1	1	0	0	28	2196	0	1	1	0
1872	1	1	1	0	0	28	2196	0	1	1	0
1873	1	1	1	0	0	28	2196	0	1	1	0
1874	1	1	1	0	0	28	2196	0	1	1	0
1875	1	1	1	0	0	28	2196	0	1	1	0
1876	1	1	1	0	0	28	2196	0	1	1	0
1877	1	1	1	0	0	28	2196	0	1	1	0
1878	1	1	1	0	0	28	2196	0	1	1	0
1879	1	1	1	0	0	28	2196	0	1	1	0
1880	1	1	1	0	0	28	2196	0	1	1	0
1881	1	1	1	0	0	28	2196	0	1	1	0
1882	1	1	1	0	0	28	2196	0	1	1	0
1883	1	1	1	0	0	28	2196	0	1	1	0
1884	1	1	1	0	0	28	2196	0	1	1	0
1885	1	1	1	0	0	28	2196	0	1	1	0
1886	1	1	1	0	0	28	2196	0	1	1	0
1887	1	1	1	0	0	28	2196	0	1	1	0
1888	1	1	1	0	0	28	2196	0	1	1	0
1889	1	1	1	0	0	28	2196	0	1	1	0
1890	1	1	1	0	0	28	2196	0	1	1	0
1891	1	1	1	0	0	28	2196	0	1	1	0
1892	1	1	1	0	0	28	2196	0	1	1	0
1893	1	1	1	0	0	28	2196	0	1	1	0
1894	1	1	1	0	0	28	2196	0	1	1	0
1895	1	1	1	0	0	28	2196	0	1	1	0
1896	1	1	1	0	0	28	2196	0	1	1	0
1897	1	1	1	0	0	28	2196	0	1	1	0
1898	1	1	1	0	0	28	2196	0	1	1	0
1899	1	1	1	0	0	28	2196	0	1	1	0
1900	1	1	1	0	0	28	2196	0	1	1	0
1901	1	1	1	0	0	28	2196	0	1	1	0
1902	1	1	1	0	0	28	2196	0	1	1	0
1903	1	1	1	0	0	28	2196	0	1	1	0
1904	1	1	1	0	0	28	2196	0	1	1	0
1905	1	1	1	0	0	28	2196	0	1	1	0
1906	1	1	1	0	0	28	2196	0	1	1	0
1907	1	1	1	0	0	28	2196	0	1	1	0
1908	1	1	1	0	0	28	2196	0	1	1	0
1909	1	1	1	0	0	28	2196	0	1	1	0
1910	1	1	1	0	0	28	2196	0	1	1	0
1911	1	1	1	0	0	28	2196	0	1	1	0
1912	1	1	1	0	0	28	2196	0	1	1	0
1913	1	1	1	0	0	28	2196	0	1	1	0
1914	1	1	1	0	0	28	2196	0	1	1	0
1915	1	1	1	0	0	28	2196	0	1	1	0
1916	1	1	1	0	0	28	2196	0	1	1	0
1917	1	1	1	0	0	28	2196	0	1	1	0
1918	1	1	1	0	0	28	2196	0	1	1	0
1919	1	1	1	0	0	28	2196	0	1	1	0
1920	1	1	1	0	0	28	2196	0	1	1	0
1921	1	1	1	0	0	28	2196	0	1	1	0
1922	1	1	1	0	0	28	2196	0	1	1	0
1923	1	1	1	0	0	28	2196	0	1	1	0
1924	1	1	1	0	0	28	2196	0	1	1	0
1925	1	1	1	0	0	28	2196	0	1	1	0
1926	1	1	1	0	0	28	2196	0	1	1	0
1927	1	1	1	0	0	28	2196	0	1	1	0
1928	1	1	1	0	0	28	2196	0	1	1	0
1929	1	1	1	0	0	28	2196	0	1	1	0
1930	1	1	1	0	0	28	2196	0	1	1	0
1931	1	1	1	0	0	28	2196	0	1	1	0
1932	1	1	1	0	0	28	2196	0	1	1	0
1933	1	1	1	0	0	28	2196	0	1	1	0
1934	1	1	1	0	0	28	2196	0	1	1	0
1935	1	1	1	0	0	28	2196	0	1	1	0
1936	1	1	1	0	0	28	2196	0	1	1	0
1937	1	1	1	0	0	28	2196	0	1	1	0
1938	1	1	1	0	0	28	2196	0	1	1	0
1939	1	1	1	0	0	28	2196	0	1	1	0
1940	1	1	1	0	0	28	2196	0	1	1	0
1941	1	1	1	0	0	28	2196	0	1	1	0
1942	1	1	1	0	0	28	2196	0	1	1	0
1943	1	1	1	0	0	28	2196	0	1	1	0
1944	1	1	1	0	0	28	2196	0	1	1	0
1945	1	1	1	0	0	28	2196	0	1	1	0
1946	1	1	1	0	0	28	2196	0	1	1	0
1947	1	1	1	0	0	28	2196	0	1	1	0
1948	1	1	1	0	0	28	2196	0	1	1	0
1949	1	1	1	0	0	28	2196	0	1	1	0
1950	1	1	1	0	0	28	2196	0	1	1	0
1951	1	1	1	0	0	28	2196	0	1	1	0
1952	1	1	1	0	0	28	2196	0	1	1	0
1953	1	1	1	0	0	28	2196	0	1	1	0
1954	1	1	1	0	0	28	2196	0	1	1	0
1955	1	1	1	0	0	28	2196	0	1	1	0
1956	1	1	1	0	0	28	2196	0	1	1	0
1957	1	1	1	0	0	28	2196	0	1	1	0
1958	1	1	1	0	0	28	2196	0	1	1	0
1959	1	1	1	0	0	28	2196	0	1	1	0
1960	1	1	1	0	0	28	2196	0	1	1	0
1961	1	1	1	0	0	28	2196	0	1	1	0
1962	1	1	1	0	0	28	2196	0	1	1	0
1963	1	1	1	0	0	28	2196	0	1	1	0
1964	1	1	1	0	0	28	2196	0	1	1	0
1965	1	1	1	0	0	28	2196	0	1	1	0
1966	1	1	1	0	0	28	2196	0	1	1	0
1967	1	1	1	0	0	28	2196	0	1	1	0
1968	1	1	1	0	0	28	2196	0	1	1	0
1969	1	1	1	0	0	28	2196	0	1	1	0
1970	1	1	1	0	0	28	2196	0	1	1	0
1971	1	1	1	0	0	28	2196	0	1	1	0
1972	1	1	1	0	0	28	2196	0	1	1	0
1973	1	1	1	0	0	28	2196	0	1	1	0
1974	1	1	1	0	0	28	2196	0	1	1	0
1975	1	1	1	0	0	28	2196	0	1	1	0
1976	1	1	1	0	0	28	2196	0	1	1	0
1977	1	1	1	0	0	28	2196	0	1	1	0
1978	1	1	1	0	0	28	2196	0	1	1	0
1979	1	1	1	0	0	28	2196	0	1	1	0
1980	1	1	1	0	0	28	2196	0	1	1	0
1981	1	1	1	0	0	28	2196	0	1	1	0
1982	1	1	1	0	0	28	2196	0	1	1	0
1983	1	1	1	0	0	28	2196	0	1	1	0
1984	1	1	1	0	0	28	2196	0	1	1	0
1985	1	1	1	0	0	28	2196	0	1	1	0
1986	1	1	1	0	0	28	2196	0	1	1	0
1987	1	1	1	0	0	28	2196	0	1	1	0
1988	1	1	1	0	0	28	2196	0	1	1	0
1989	1	1	1	0	0	28	2196	0	1	1	0
1990	1	1	1	0	0	28	2196	0	1	1	0
1991	1	1	1	0	0	28	2196	0	1	1	0
1992	1	1	1	0	0	28	2196	0	1	1	0
1993	1	1	1	0	0	28	2196	0	1	1	0
1994	1	1	1	0	0	28	2196	0	1	1	0
1995	1	1	1	0	0	28	2196	0	1	1	0
1997	1	1	1	0	0	28	2196	0	1	1	0
1999	1	1	1	0	0	28	2196	0	1	1	0
2000	1	1	1	0	0	28	2196	0	1	1	0
2001	1	1	1	0	0	28	2196	0	1	1	0
2002	1	1	1	0	0	28	2196	0	1	1	0
2003	1	1	1	0	0	28	2196	0	1	1	0
2004	1	1	1	0	0	28	2196	0	1	1	0
2006	1	1	1	0	0	28	2196	0	1	1	0
2007	1	1	1	0	0	28	2196	0	1	1	0
2008	1	1	1	0	0	28	2196	0	1	1	0
2009	1	1	1	0	0	28	2196	0	1	1	0
2010	1	1	1	0	0	28	2196	0	1	1	0
2011	1	1	1	0	0	28	2196	0	1	1	0
2012	1	1	1	0	0	28	2196	0	1	1	0
2013	1	1	1	0	0	28	2196	0	1	1	0
2014	1	1	1	0	0	28	2196	0	1	1	0
2015	1	1	1	0	0	28	2196	0	1	1	0
2016	1	1	1	0	0	28	2196	0	1	1	0
2017	1	1	1	0	0	28	2196	0	1	1	0
2018	1	1	1	0	0	28	2196	0	1	1	0
2019	1	1	1	0	0	28	2196	0	1	1	0
2020	1	1	1	0	0	28	2196	0	1	1	0
2021	1	1	1	0	0	28	2196	0	1	1	0
2022	1	1	1	0	0	28	2196	0	1	1	0
2023	1	1	1	0	0	28	2196	0	1	1	0
2024	1	1	1	0	0	28	2196	0	1	1	0
2025	1	1	1	0	0	28	2196	0	1	1	0
2026	1	1	1	0	0	28	2196	0	1	1	0
2027	1	1	1	0	0	28	2196	0	1	1	0
2028	1	1	1	0	0	28	2196	0	1	1	0
2029	1	1	1	0	0	28	2196	0	1	1	0
2030	1	1	1	0	0	28	2196	0	1	1	0
2031	1	1	1	0	0	28	2196	0	1	1	0
2032	1	1	1	0	0	28	2196	0	1	1	0
2033	1	1	1	0	0	28	2196	0	1	1	0
2034	1	1	1	0	0	28	2196	0	1	1	0
2035	1	1	1	0	0	28	2196	0	1	1	0
2036	1	1	1	0	0	28	2196	0	1	1	0
2037	1	1	1	0	0	28	2196	0	1	1	0
2038	1	1	1	0	0	28	2196	0	1	1	0
2039	1	1	1	0	0	28	2196	0	1	1	0
2040	1	1	1	0	0	28	2196	0	1	1	0
2041	1	1	1	0	0	28	2196	0	1	1	0
2042	1	1	1	0	0	28	2196	0	1	1	0
2043	1	1	1	0	0	28	2196	0	1	1	0
2044	1	1	1	0	0	28	2196	0	1	1	0
2045	1	1	1	0	0	28	2196	0	1	1	0
2046	1	1	1	0	0	28	2196	0	1	1	0
2047	1	1	1	0	0	28	2196	0	1	1	0
2048	1	1	1	0	0	28	2196	0	1	1	0
2049	1	1	1	0	0	28	2196	0	1	1	0
2050	1	1	1	0	0	28	2196	0	1	1	0
2051	1	1	1	0	0	28	2196	0	1	1	0
2052	1	1	1	0	0	28	2196	0	1	1	0
2053	1	1	1	0	0	28	2196	0	1	1	0
2054	1	1	1	0	0	28	2196	0	1	1	0
2055	1	1	1	0	0	28	2196	0	1	1	0
2056	1	1	1	0	0	28	2196	0	1	1	0
2057	1	1	1	0	0	28	2196	0	1	1	0
2058	1	1	1	0	0	28	2196	0	1	1	0
2059	1	1	1	0	0	28	2196	0	1	1	0
2060	1	1	1	0	0	28	2196	0	1	1	0
2061	1	1	1	0	0	28	2196	0	1	1	0
2062	1	1	1	0	0	28	2196	0	1	1	0
2063	1	1	1	0	0	28	2196	0	1	1	0
2064	1	1	1	0	0	28	2196	0	1	1	0
2065	1	1	1	0	0	28	2196	0	1	1	0
2066	1	1	1	0	0	28	2196	0	1	1	0
2067	1	1	1	0	0	28	2196	0	1	1	0
2068	1	1	1	0	0	28	2196	0	1	1	0
2069	1	1	1	0	0	28	2196	0	1	1	0
2070	1	1	1	0	0	28	2196	0	1	1	0
2071	1	1	1	0	0	28	2196	0	1	1	0
2072	1	1	1	0	0	28	2196	0	1	1	0
2073	1	1	1	0	0	28	2196	0	1	1	0
2074	1	1	1	0	0	28	2196	0	1	1	0
2075	1	1	1	0	0	28	2196	0	1	1	0
2076	1	1	1	0	0	28	2196	0	1	1	0
2077	1	1	1	0	0	28	2196	0	1	1	0
2078	1	1	1	0	0	28	2196	0	1	1	0
2079	1	1	1	0	0	28	2196	0	1	1	0
2080	1	1	1	0	0	28	2196	0	1	1	0
2081	1	1	1	0	0	28	2196	0	1	1	0
2082	1	1	1	0	0	28	2196	0	1	1	0
2083	1	1	1	0	0	28	2196	0	1	1	0
2084	1	1	1	0	0	28	2196	0	1	1	0
2085	1	1	1	0	0	28	2196	0	1	1	0
2086	1	1	1	0	0	28	2196	0	1	1	0
2087	1	1	1	0	0	28	2196	0	1	1	0
2088	1	1	1	0	0	28	2196	0	1	1	0
2089	1	1	1	0	0	28	2196	0	1	1	0
2090	1	1	1	0	0	28	2196	0	1	1	0
2091	1	1	1	0	0	28	2196	0	1	1	0
2092	1	1	1	0	0	28	2196	0	1	1	0
2093	1	1	1	0	0	28	2196	0	1	1	0
2094	1	1	1	0	0	28	2196	0	1	1	0
2095	1	1	1	0	0	28	2196	0	1	1	0
2096	1	1	1	0	0	28	2196	0	1	1	0
2097	1	1	1	0	0	28	2196	0	1	1	0
2098	1	1	1	0	0	28	2196	0	1	1	0
2099	1	1	1	0	0	28	2196	0	1	1	0
2100	1	1	1	0	0	28	2196	0	1	1	0
2101	1	1	1	0	0	28	2196	0	1	1	0
2102	1	1	1	0	0	28	2196	0	1	1	0
2103	1	1	1	0	0	28	2196	0	1	1	0
2104	1	1	1	0	0	28	2196	0	1	1	0
2105	1	1	1	0	0	28	2196	0	1	1	0
2106	1	1	1	0	0	28	2196	0	1	1	0
2107	1	1	1	0	0	28	2196	0	1	1	0
2108	1	1	1	0	0	28	2196	0	1	1	0
2109	1	1	1	0	0	28	2196	0	1	1	0
2110	1	1	1	0	0	28	2196	0	1	1	0
2111	1	1	1	0	0	28	2196	0	1	1	0
2112	1	1	1	0	0	28	2196	0	1	1	0
2113	1	1	1	0	0	28	2196	0	1	1	0
2114	1	1	1	0	0	28	2196	0	1	1	0
2115	1	1	1	0	0	28	2196	0	1	1	0
2116	1	1	1	0	0	28	2196	0	1	1	0
2117	1	1	1	0	0	28	2196	0	1	1	0
2118	1	1	1	0	0	28	2196	0	1	1	0
2119	1	1	1	0	0	28	2196	0	1	1	0
2120	1	1	1	0	0	28	2196	0	1	1	0
2121	1	1	1	0	0	28	2196	0	1	1	0
2122	1	1	1	0	0	28	2196	0	1	1	0
2123	1	1	1	0	0	28	2196	0	1	1	0
2124	1	1	1	0	0	28	2196	0	1	1	0
2125	1	1	1	0	0	28	2196	0	1	1	0
2126	1	1	1	0	0	28	2196	0	1	1	0
2127	1	1	1	0	0	28	2196	0	1	1	0
2128	1	1	1	0	0	28	2196	0	1	1	0
2129	1	1	1	0	0	28	2196	0	1	1	0
2130	1	1	1	0	0	28	2196	0	1	1	0
2131	1	1	1	0	0	28	2196	0	1	1	0
2133	1	1	1	0	0	28	2196	0	1	1	0
2134	1	1	1	0	0	28	2196	0	1	1	0
2135	1	1	1	0	0	28	2196	0	1	1	0
2136	1	1	1	0	0	28	2196	0	1	1	0
2137	1	1	1	0	0	28	2196	0	1	1	0
2138	1	1	1	0	0	28	2196	0	1	1	0
2139	1	1	1	0	0	28	2196	0	1	1	0
2140	1	1	1	0	0	28	2196	0	1	1	0
2141	1	1	1	0	0	28	2196	0	1	1	0
2142	1	1	1	0	0	28	2196	0	1	1	0
2143	1	1	1	0	0	28	2196	0	1	1	0
2144	1	1	1	0	0	28	2196	0	1	1	0
2145	1	1	1	0	0	28	2196	0	1	1	0
2146	1	1	1	0	0	28	2196	0	1	1	0
2147	1	1	1	0	0	28	2196	0	1	1	0
2148	1	1	1	0	0	28	2196	0	1	1	0
2149	1	1	1	0	0	28	2196	0	1	1	0
2150	1	1	1	0	0	28	2196	0	1	1	0
2151	1	1	1	0	0	28	2196	0	1	1	0
2152	1	1	1	0	0	28	2196	0	1	1	0
2153	1	1	1	0	0	28	2196	0	1	1	0
2154	1	1	1	0	0	28	2196	0	1	1	0
2155	1	1	1	0	0	28	2196	0	1	1	0
2156	1	1	1	0	0	28	2196	0	1	1	0
2157	1	1	1	0	0	28	2196	0	1	1	0
2158	1	1	1	0	0	28	2196	0	1	1	0
2159	1	1	1	0	0	28	2196	0	1	1	0
2160	1	1	1	0	0	28	2196	0	1	1	0
2161	1	1	1	0	0	28	2196	0	1	1	0
2162	1	1	1	0	0	28	2196	0	1	1	0
2163	1	1	1	0	0	28	2196	0	1	1	0
2164	1	1	1	0	0	28	2196	0	1	1	0
2165	1	1	1	0	0	28	2196	0	1	1	0
2166	1	1	1	0	0	28	2196	0	1	1	0
2167	1	1	1	0	0	28	2196	0	1	1	0
2168	1	1	1	0	0	28	2196	0	1	1	0
2169	1	1	1	0	0	28	2196	0	1	1	0
2170	1	1	1	0	0	28	2196	0	1	1	0
2171	1	1	1	0	0	28	2196	0	1	1	0
2172	1	1	1	0	0	28	2196	0	1	1	0
2173	1	1	1	0	0	28	2196	0	1	1	0
2174	1	1	1	0	0	28	2196	0	1	1	0
2175	1	1	1	0	0	28	2196	0	1	1	0
2176	1	1	1	0	0	28	2196	0	1	1	0
2177	1	1	1	0	0	28	2196	0	1	1	0
2178	1	1	1	0	0	28	2196	0	1	1	0
2179	1	1	1	0	0	28	2196	0	1	1	0
2180	1	1	1	0	0	28	2196	0	1	1	0
2181	1	1	1	0	0	28	2196	0	1	1	0
2182	1	1	1	0	0	28	2196	0	1	1	0
2183	1	1	1	0	0	28	2196	0	1	1	0
2184	1	1	1	0	0	28	2196	0	1	1	0
2185	1	1	1	0	0	28	2196	0	1	1	0
2186	1	1	1	0	0	28	2196	0	1	1	0
2187	1	1	1	0	0	28	2196	0	1	1	0
2188	1	1	1	0	0	28	2196	0	1	1	0
2189	1	1	1	0	0	28	2196	0	1	1	0
2190	1	1	1	0	0	28	2196	0	1	1	0
2191	1	1	1	0	0	28	2196	0	1	1	0
2192	1	1	1	0	0	28	2196	0	1	1	0
2193	1	1	1	0	0	28	2196	0	1	1	0
2194	1	1	1	0	0	28	2196	0	1	1	0
2195	1	1	1	0	0	28	2196	0	1	1	0
2196	1	1	1	0	0	28	2196	0	1	1	0
2197	1	1	1	0	0	28	2196	0	1	1	0
2198	1	1	1	0	0	28	2196	0	1	1	0
2199	1	1	1	0	0	28	2196	0	1	1	0
2200	1	1	1	0	0	28	2196	0	1	1	0
2201	1	1	1	0	0	28	2196	0	1	1	0
2202	1	1	1	0	0	28	2196	0	1	1	0
2203	1	1	1	0	0	28	2196	0	1	1	0
2204	1	1	1	0	0	28	2196	0	1	1	0
2205	1	1	1	0	0	28	2196	0	1	1	0
2206	1	1	1	0	0	28	2196	0	1	1	0
2207	1	1	1	0	0	28	2196	0	1	1	0
2208	1	1	1	0	0	28	2196	0	1	1	0
2209	1	1	1	0	0	28	2196	0	1	1	0
2210	1	1	1	0	0	28	2196	0	1	1	0
2211	1	1	1	0	0	28	2196	0	1	1	0
2212	1	1	1	0	0	28	2196	0	1	1	0
2213	1	1	1	0	0	28	2196	0	1	1	0
2214	1	1	1	0	0	28	2196	0	1	1	0
2215	1	1	1	0	0	28	2196	0	1	1	0
2216	1	1	1	0	0	28	2196	0	1	1	0
2217	1	1	1	0	0	28	2196	0	1	1	0
2218	1	1	1	0	0	28	2196	0	1	1	0
2219	1	1	1	0	0	28	2196	0	1	1	0
2220	1	1	1	0	0	28	2196	0	1	1	0
2221	1	1	1	0	0	28	2196	0	1	1	0
2222	1	1	1	0	0	28	2196	0	1	1	0
2223	1	1	1	0	0	28	2196	0	1	1	0
2224	1	1	1	0	0	28	2196	0	1	1	0
2225	1	1	1	0	0	28	2196	0	1	1	0
2226	1	1	1	0	0	28	2196	0	1	1	0
2227	1	1	1	0	0	28	2196	0	1	1	0
2228	1	1	1	0	0	28	2196	0	1	1	0
2229	1	1	1	0	0	28	2196	0	1	1	0
2230	1	1	1	0	0	28	2196	0	1	1	0
2231	1	1	1	0	0	28	2196	0	1	1	0
2232	1	1	1	0	0	28	2196	0	1	1	0
2233	1	1	1	0	0	28	2196	0	1	1	0
2234	1	1	1	0	0	28	2196	0	1	1	0
2235	1	1	1	0	0	28	2196	0	1	1	0
2236	1	1	1	0	0	28	2196	0	1	1	0
2237	1	1	1	0	0	28	2196	0	1	1	0
2238	1	1	1	0	0	28	2196	0	1	1	0
2239	1	1	1	0	0	28	2196	0	1	1	0
2240	1	1	1	0	0	28	2196	0	1	1	0
2241	1	1	1	0	0	28	2196	0	1	1	0
2242	1	1	1	0	0	28	2196	0	1	1	0
2243	1	1	1	0	0	28	2196	0	1	1	0
2244	1	1	1	0	0	28	2196	0	1	1	0
2245	1	1	1	0	0	28	2196	0	1	1	0
2246	1	1	1	0	0	28	2196	0	1	1	0
2247	1	1	1	0	0	28	2196	0	1	1	0
2248	1	1	1	0	0	28	2196	0	1	1	0
2249	1	1	1	0	0	28	2196	0	1	1	0
2250	1	1	1	0	0	28	2196	0	1	1	0
2251	1	1	1	0	0	28	2196	0	1	1	0
2252	1	1	1	0	0	28	2196	0	1	1	0
2253	1	1	1	0	0	28	2196	0	1	1	0
2254	1	1	1	0	0	28	2196	0	1	1	0
2255	1	1	1	0	0	28	2196	0	1	1	0
2256	1	1	1	0	0	28	2196	0	1	1	0
2257	1	1	1	0	0	28	2196	0	1	1	0
2258	1	1	1	0	0	28	2196	0	1	1	0
2259	1	1	1	0	0	28	2196	0	1	1	0
2260	1	1	1	0	0	28	2196	0	1	1	0
2261	1	1	1	0	0	28	2196	0	1	1	0
2262	1	1	1	0	0	28	2196	0	1	1	0
2263	1	1	1	0	0	28	2196	0	1	1	0
2264	1	1	1	0	0	28	2196	0	1	1	0
2265	1	1	1	0	0	28	2196	0	1	1	0
2266	1	1	1	0	0	28	2196	0	1	1	0
2267	1	1	1	0	0	28	2196	0	1	1	0
2268	1	1	1	0	0	28	2196	0	1	1	0
2269	1	1	1	0	0	28	2196	0	1	1	0
2270	1	1	1	0	0	28	2196	0	1	1	0
2271	1	1	1	0	0	28	2196	0	1	1	0
2272	1	1	1	0	0	28	2196	0	1	1	0
2273	1	1	1	0	0	28	2196	0	1	1	0
2274	1	1	1	0	0	28	2196	0	1	1	0
2275	1	1	1	0	0	28	2196	0	1	1	0
2276	1	1	1	0	0	28	2196	0	1	1	0
2277	1	1	1	0	0	28	2196	0	1	1	0
2278	1	1	1	0	0	28	2196	0	1	1	0
2279	1	1	1	0	0	28	2196	0	1	1	0
2280	1	1	1	0	0	28	2196	0	1	1	0
2281	1	1	1	0	0	28	2196	0	1	1	0
2282	1	1	1	0	0	28	2196	0	1	1	0
2283	1	1	1	0	0	28	2196	0	1	1	0
2284	1	1	1	0	0	28	2196	0	1	1	0
2285	1	1	1	0	0	28	2196	0	1	1	0
2286	1	1	1	0	0	28	2196	0	1	1	0
2287	1	1	1	0	0	28	2196	0	1	1	0
2288	1	1	1	0	0	28	2196	0	1	1	0
2289	1	1	1	0	0	28	2196	0	1	1	0
2290	1	1	1	0	0	28	2196	0	1	1	0
2291	1	1	1	0	0	28	2196	0	1	1	0
2292	1	1	1	0	0	28	2196	0	1	1	0
2293	1	1	1	0	0	28	2196	0	1	1	0
2294	1	1	1	0	0	28	2196	0	1	1	0
2295	1	1	1	0	0	28	2196	0	1	1	0
2296	1	1	1	0	0	28	2196	0	1	1	0
2297	1	1	1	0	0	28	2196	0	1	1	0
2298	1	1	1	0	0	28	2196	0	1	1	0
2299	1	1	1	0	0	28	2196	0	1	1	0
2300	1	1	1	0	0	28	2196	0	1	1	0
2301	1	1	1	0	0	28	2196	0	1	1	0
2302	1	1	1	0	0	28	2196	0	1	1	0
2303	1	1	1	0	0	28	2196	0	1	1	0
2304	1	1	1	0	0	28	2196	0	1	1	0
2305	1	1	1	0	0	28	2196	0	1	1	0
2306	1	1	1	0	0	28	2196	0	1	1	0
2307	1	1	1	0	0	28	2196	0	1	1	0
2308	1	1	1	0	0	28	2196	0	1	1	0
2309	1	1	1	0	0	28	2196	0	1	1	0
2310	1	1	1	0	0	28	2196	0	1	1	0
2311	1	1	1	0	0	28	2196	0	1	1	0
2312	1	1	1	0	0	28	2196	0	1	1	0
2313	1	1	1	0	0	28	2196	0	1	1	0
2314	1	1	1	0	0	28	2196	0	1	1	0
2315	1	1	1	0	0	28	2196	0	1	1	0
2316	1	1	1	0	0	28	2196	0	1	1	0
2317	1	1	1	0	0	28	2196	0	1	1	0
2318	1	1	1	0	0	28	2196	0	1	1	0
2319	1	1	1	0	0	28	2196	0	1	1	0
2320	1	1	1	0	0	28	2196	0	1	1	0
2321	1	1	1	0	0	28	2196	0	1	1	0
2326	1	1	1	0	0	28	2196	0	1	1	0
2327	1	1	1	0	0	28	2196	0	1	1	0
2328	1	1	1	0	0	28	2196	0	1	1	0
2333	1	1	1	0	0	28	2196	0	1	1	0
2335	1	1	1	0	0	28	2196	0	1	1	0
2336	1	1	1	0	0	28	2196	0	1	1	0
2337	1	1	1	0	0	28	2196	0	1	1	0
2338	1	1	1	0	0	28	2196	0	1	1	0
2339	1	1	1	0	0	28	2196	0	1	1	0
2340	1	1	1	0	0	28	2196	0	1	1	0
2341	1	1	1	0	0	28	2196	0	1	1	0
2342	1	1	1	0	0	28	2196	0	1	1	0
2343	1	1	1	0	0	28	2196	0	1	1	0
2344	1	1	1	0	0	28	2196	0	1	1	0
2345	1	1	1	0	0	28	2196	0	1	1	0
2346	1	1	1	0	0	28	2196	0	1	1	0
2347	1	1	1	0	0	28	2196	0	1	1	0
2348	1	1	1	0	0	28	2196	0	1	1	0
2349	1	1	1	0	0	28	2196	0	1	1	0
2350	1	1	1	0	0	28	2196	0	1	1	0
2351	1	1	1	0	0	28	2196	0	1	1	0
2352	1	1	1	0	0	28	2196	0	1	1	0
2353	1	1	1	0	0	28	2196	0	1	1	0
2354	1	1	1	0	0	28	2196	0	1	1	0
2355	1	1	1	0	0	28	2196	0	1	1	0
2356	1	1	1	0	0	28	2196	0	1	1	0
2357	1	1	1	0	0	28	2196	0	1	1	0
2358	1	1	1	0	0	28	2196	0	1	1	0
2359	1	1	1	0	0	28	2196	0	1	1	0
2360	1	1	1	0	0	28	2196	0	1	1	0
2361	1	1	1	0	0	28	2196	0	1	1	0
2362	1	1	1	0	0	28	2196	0	1	1	0
2363	1	1	1	0	0	28	2196	0	1	1	0
2364	1	1	1	0	0	28	2196	0	1	1	0
2365	1	1	1	0	0	28	2196	0	1	1	0
2366	1	1	1	0	0	28	2196	0	1	1	0
2367	1	1	1	0	0	28	2196	0	1	1	0
2368	1	1	1	0	0	28	2196	0	1	1	0
2369	1	1	1	0	0	28	2196	0	1	1	0
2370	1	1	1	0	0	28	2196	0	1	1	0
2371	1	1	1	0	0	28	2196	0	1	1	0
2372	1	1	1	0	0	28	2196	0	1	1	0
2373	1	1	1	0	0	28	2196	0	1	1	0
2374	1	1	1	0	0	28	2196	0	1	1	0
2375	1	1	1	0	0	28	2196	0	1	1	0
2376	1	1	1	0	0	28	2196	0	1	1	0
2377	1	1	1	0	0	28	2196	0	1	1	0
2378	1	1	1	0	0	28	2196	0	1	1	0
2379	1	1	1	0	0	28	2196	0	1	1	0
2381	1	1	1	0	0	28	2196	0	1	1	0
2382	1	1	1	0	0	28	2196	0	1	1	0
2383	1	1	1	0	0	28	2196	0	1	1	0
2384	1	1	1	0	0	28	2196	0	1	1	0
2385	1	1	1	0	0	28	2196	0	1	1	0
2386	1	1	1	0	0	28	2196	0	1	1	0
2387	1	1	1	0	0	28	2196	0	1	1	0
2388	1	1	1	0	0	28	2196	0	1	1	0
2389	1	1	1	0	0	28	2196	0	1	1	0
2390	1	1	1	0	0	28	2196	0	1	1	0
2391	1	1	1	0	0	28	2196	0	1	1	0
2392	1	1	1	0	0	28	2196	0	1	1	0
2393	1	1	1	0	0	28	2196	0	1	1	0
2394	1	1	1	0	0	28	2196	0	1	1	0
2395	1	1	1	0	0	28	2196	0	1	1	0
2396	1	1	1	0	0	28	2196	0	1	1	0
2397	1	1	1	0	0	28	2196	0	1	1	0
2398	1	1	1	0	0	28	2196	0	1	1	0
2399	1	1	1	0	0	28	2196	0	1	1	0
2400	1	1	1	0	0	28	2196	0	1	1	0
2401	1	1	1	0	0	28	2196	0	1	1	0
2403	1	1	1	0	0	28	2196	0	1	1	0
2404	1	1	1	0	0	28	2196	0	1	1	0
2418	1	1	1	0	0	28	2196	0	1	1	0
2419	1	1	1	0	0	28	2196	0	1	1	0
2425	1	1	1	0	0	28	2196	0	1	1	0
2435	1	1	1	0	0	28	2196	0	1	1	0
2436	1	1	1	0	0	28	2196	0	1	1	0
2439	1	1	1	0	0	28	2196	0	1	1	0
2445	1	1	1	0	0	28	2196	0	1	1	0
2452	1	1	1	0	0	28	2196	0	1	1	0
2455	1	1	1	0	0	28	2196	0	1	1	0
2456	1	1	1	0	0	28	2196	0	1	1	0
2458	1	1	1	0	0	28	2196	0	1	1	0
2459	1	1	1	0	0	28	2196	0	1	1	0
2460	1	1	1	0	0	28	2196	0	1	1	0
2462	1	1	1	0	0	28	2196	0	1	1	0
2463	1	1	1	0	0	28	2196	0	1	1	0
2464	1	1	1	0	0	28	2196	0	1	1	0
2465	1	1	1	0	0	28	2196	0	1	1	0
2466	1	1	1	0	0	28	2196	0	1	1	0
2467	1	1	1	0	0	28	2196	0	1	1	0
2468	1	1	1	0	0	28	2196	0	1	1	0
2469	1	1	1	0	0	28	2196	0	1	1	0
2470	1	1	1	0	0	28	2196	0	1	1	0
2471	1	1	1	0	0	28	2196	0	1	1	0
2472	1	1	1	0	0	28	2196	0	1	1	0
2473	1	1	1	0	0	28	2196	0	1	1	0
2474	1	1	1	0	0	28	2196	0	1	1	0
2475	1	1	1	0	0	28	2196	0	1	1	0
2476	1	1	1	0	0	28	2196	0	1	1	0
2477	1	1	1	0	0	28	2196	0	1	1	0
2478	1	1	1	0	0	28	2196	0	1	1	0
2479	1	1	1	0	0	28	2196	0	1	1	0
2480	1	1	1	0	0	28	2196	0	1	1	0
2481	1	1	1	0	0	28	2196	0	1	1	0
2482	1	1	1	0	0	28	2196	0	1	1	0
2483	1	1	1	0	0	28	2196	0	1	1	0
2484	1	1	1	0	0	28	2196	0	1	1	0
2485	1	1	1	0	0	28	2196	0	1	1	0
2486	1	1	1	0	0	28	2196	0	1	1	0
2487	1	1	1	0	0	28	2196	0	1	1	0
2488	1	1	1	0	0	28	2196	0	1	1	0
2489	1	1	1	0	0	28	2196	0	1	1	0
2490	1	1	1	0	0	28	2196	0	1	1	0
2491	1	1	1	0	0	28	2196	0	1	1	0
2492	1	1	1	0	0	28	2196	0	1	1	0
2493	1	1	1	0	0	28	2196	0	1	1	0
2494	1	1	1	0	0	28	2196	0	1	1	0
2495	1	1	1	0	0	28	2196	0	1	1	0
2496	1	1	1	0	0	28	2196	0	1	1	0
2497	1	1	1	0	0	28	2196	0	1	1	0
2498	1	1	1	0	0	28	2196	0	1	1	0
2499	1	1	1	0	0	28	2196	0	1	1	0
2500	1	1	1	0	0	28	2196	0	1	1	0
2501	1	1	1	0	0	28	2196	0	1	1	0
2502	1	1	1	0	0	28	2196	0	1	1	0
2503	1	1	1	0	0	28	2196	0	1	1	0
2504	1	1	1	0	0	28	2196	0	1	1	0
2505	1	1	1	0	0	28	2196	0	1	1	0
2506	1	1	1	0	0	28	2196	0	1	1	0
2507	1	1	1	0	0	28	2196	0	1	1	0
2508	1	1	1	0	0	28	2196	0	1	1	0
2509	1	1	1	0	0	28	2196	0	1	1	0
2510	1	1	1	0	0	28	2196	0	1	1	0
2511	1	1	1	0	0	28	2196	0	1	1	0
2512	1	1	1	0	0	28	2196	0	1	1	0
2513	1	1	1	0	0	28	2196	0	1	1	0
2514	1	1	1	0	0	28	2196	0	1	1	0
2515	1	1	1	0	0	28	2196	0	1	1	0
2516	1	1	1	0	0	28	2196	0	1	1	0
2517	1	1	1	0	0	28	2196	0	1	1	0
2518	1	1	1	0	0	28	2196	0	1	1	0
2519	1	1	1	0	0	28	2196	0	1	1	0
2520	1	1	1	0	0	28	2196	0	1	1	0
2521	1	1	1	0	0	28	2196	0	1	1	0
2522	1	1	1	0	0	28	2196	0	1	1	0
2523	1	1	1	0	0	28	2196	0	1	1	0
2524	1	1	1	0	0	28	2196	0	1	1	0
2525	1	1	1	0	0	28	2196	0	1	1	0
2526	1	1	1	0	0	28	2196	0	1	1	0
2527	1	1	1	0	0	28	2196	0	1	1	0
2528	1	1	1	0	0	28	2196	0	1	1	0
2529	1	1	1	0	0	28	2196	0	1	1	0
2531	1	1	1	0	0	28	2196	0	1	1	0
2535	1	1	1	0	0	28	2196	0	1	1	0
2536	1	1	1	0	0	28	2196	0	1	1	0
2542	1	1	1	0	0	28	2196	0	1	1	0
2551	1	1	1	0	0	28	2196	0	1	1	0
2555	1	1	1	0	0	28	2196	0	1	1	0
2556	1	1	1	0	0	28	2196	0	1	1	0
2557	1	1	1	0	0	28	2196	0	1	1	0
2558	1	1	1	0	0	28	2196	0	1	1	0
2559	1	1	1	0	0	28	2196	0	1	1	0
2560	1	1	1	0	0	28	2196	0	1	1	0
2561	1	1	1	0	0	28	2196	0	1	1	0
2562	1	1	1	0	0	28	2196	0	1	1	0
2563	1	1	1	0	0	28	2196	0	1	1	0
2564	1	1	1	0	0	28	2196	0	1	1	0
2565	1	1	1	0	0	28	2196	0	1	1	0
2566	1	1	1	0	0	28	2196	0	1	1	0
2567	1	1	1	0	0	28	2196	0	1	1	0
2568	1	1	1	0	0	28	2196	0	1	1	0
2569	1	1	1	0	0	28	2196	0	1	1	0
2570	1	1	1	0	0	28	2196	0	1	1	0
2571	1	1	1	0	0	28	2196	0	1	1	0
2572	1	1	1	0	0	28	2196	0	1	1	0
2573	1	1	1	0	0	28	2196	0	1	1	0
2574	1	1	1	0	0	28	2196	0	1	1	0
2576	1	1	1	0	0	28	2196	0	1	1	0
2577	1	1	1	0	0	28	2196	0	1	1	0
2578	1	1	1	0	0	28	2196	0	1	1	0
2579	1	1	1	0	0	28	2196	0	1	1	0
2581	1	1	1	0	0	28	2196	0	1	1	0
2582	1	1	1	0	0	28	2196	0	1	1	0
2583	1	1	1	0	0	28	2196	0	1	1	0
2584	1	1	1	0	0	28	2196	0	1	1	0
2585	1	1	1	0	0	28	2196	0	1	1	0
2586	1	1	1	0	0	28	2196	0	1	1	0
2587	1	1	1	0	0	28	2196	0	1	1	0
2588	1	1	1	0	0	28	2196	0	1	1	0
2589	1	1	1	0	0	28	2196	0	1	1	0
2590	1	1	1	0	0	28	2196	0	1	1	0
2591	1	1	1	0	0	28	2196	0	1	1	0
2592	1	1	1	0	0	28	2196	0	1	1	0
2593	1	1	1	0	0	28	2196	0	1	1	0
2594	1	1	1	0	0	28	2196	0	1	1	0
2595	1	1	1	0	0	28	2196	0	1	1	0
2596	1	1	1	0	0	28	2196	0	1	1	0
2597	1	1	1	0	0	28	2196	0	1	1	0
2598	1	1	1	0	0	28	2196	0	1	1	0
2599	1	1	1	0	0	28	2196	0	1	1	0
2600	1	1	1	0	0	28	2196	0	1	1	0
2601	1	1	1	0	0	28	2196	0	1	1	0
2602	1	1	1	0	0	28	2196	0	1	1	0
2603	1	1	1	0	0	28	2196	0	1	1	0
2604	1	1	1	0	0	28	2196	0	1	1	0
2605	1	1	1	0	0	28	2196	0	1	1	0
2606	1	1	1	0	0	28	2196	0	1	1	0
2607	1	1	1	0	0	28	2196	0	1	1	0
2608	1	1	1	0	0	28	2196	0	1	1	0
2609	1	1	1	0	0	28	2196	0	1	1	0
2610	1	1	1	0	0	28	2196	0	1	1	0
2611	1	1	1	0	0	28	2196	0	1	1	0
2612	1	1	1	0	0	28	2196	0	1	1	0
2613	1	1	1	0	0	28	2196	0	1	1	0
2614	1	1	1	0	0	28	2196	0	1	1	0
2615	1	1	1	0	0	28	2196	0	1	1	0
2616	1	1	1	0	0	28	2196	0	1	1	0
2617	1	1	1	0	0	28	2196	0	1	1	0
2618	1	1	1	0	0	28	2196	0	1	1	0
2619	1	1	1	0	0	28	2196	0	1	1	0
2620	1	1	1	0	0	28	2196	0	1	1	0
2621	1	1	1	0	0	28	2196	0	1	1	0
2622	1	1	1	0	0	28	2196	0	1	1	0
2623	1	1	1	0	0	28	2196	0	1	1	0
2624	1	1	1	0	0	28	2196	0	1	1	0
2625	1	1	1	0	0	28	2196	0	1	1	0
2626	1	1	1	0	0	28	2196	0	1	1	0
2627	1	1	1	0	0	28	2196	0	1	1	0
2628	1	1	1	0	0	28	2196	0	1	1	0
2629	1	1	1	0	0	28	2196	0	1	1	0
2630	1	1	1	0	0	28	2196	0	1	1	0
2631	1	1	1	0	0	28	2196	0	1	1	0
2632	1	1	1	0	0	28	2196	0	1	1	0
2633	1	1	1	0	0	28	2196	0	1	1	0
2634	1	1	1	0	0	28	2196	0	1	1	0
2635	1	1	1	0	0	28	2196	0	1	1	0
2636	1	1	1	0	0	28	2196	0	1	1	0
2637	1	1	1	0	0	28	2196	0	1	1	0
2638	1	1	1	0	0	28	2196	0	1	1	0
2639	1	1	1	0	0	28	2196	0	1	1	0
2640	1	1	1	0	0	28	2196	0	1	1	0
2641	1	1	1	0	0	28	2196	0	1	1	0
2642	1	1	1	0	0	28	2196	0	1	1	0
2643	1	1	1	0	0	28	2196	0	1	1	0
2644	1	1	1	0	0	28	2196	0	1	1	0
2645	1	1	1	0	0	28	2196	0	1	1	0
2646	1	1	1	0	0	28	2196	0	1	1	0
2647	1	1	1	0	0	28	2196	0	1	1	0
2648	1	1	1	0	0	28	2196	0	1	1	0
2649	1	1	1	0	0	28	2196	0	1	1	0
2650	1	1	1	0	0	28	2196	0	1	1	0
2651	1	1	1	0	0	28	2196	0	1	1	0
2652	1	1	1	0	0	28	2196	0	1	1	0
2653	1	1	1	0	0	28	2196	0	1	1	0
2655	1	1	1	0	0	28	2196	0	1	1	0
2656	1	1	1	0	0	28	2196	0	1	1	0
2657	1	1	1	0	0	28	2196	0	1	1	0
2658	1	1	1	0	0	28	2196	0	1	1	0
2659	1	1	1	0	0	28	2196	0	1	1	0
2660	1	1	1	0	0	28	2196	0	1	1	0
2661	1	1	1	0	0	28	2196	0	1	1	0
2662	1	1	1	0	0	28	2196	0	1	1	0
2663	1	1	1	0	0	28	2196	0	1	1	0
2664	1	1	1	0	0	28	2196	0	1	1	0
2665	1	1	1	0	0	28	2196	0	1	1	0
2666	1	1	1	0	0	28	2196	0	1	1	0
2667	1	1	1	0	0	28	2196	0	1	1	0
2668	1	1	1	0	0	28	2196	0	1	1	0
2669	1	1	1	0	0	28	2196	0	1	1	0
2670	1	1	1	0	0	28	2196	0	1	1	0
2671	1	1	1	0	0	28	2196	0	1	1	0
2672	1	1	1	0	0	28	2196	0	1	1	0
2673	1	1	1	0	0	28	2196	0	1	1	0
2674	1	1	1	0	0	28	2196	0	1	1	0
2675	1	1	1	0	0	28	2196	0	1	1	0
2676	1	1	1	0	0	28	2196	0	1	1	0
2677	1	1	1	0	0	28	2196	0	1	1	0
2678	1	1	1	0	0	28	2196	0	1	1	0
2679	1	1	1	0	0	28	2196	0	1	1	0
2680	1	1	1	0	0	28	2196	0	1	1	0
2681	1	1	1	0	0	28	2196	0	1	1	0
2682	1	1	1	0	0	28	2196	0	1	1	0
2683	1	1	1	0	0	28	2196	0	1	1	0
2684	1	1	1	0	0	28	2196	0	1	1	0
2685	1	1	1	0	0	28	2196	0	1	1	0
2686	1	1	1	0	0	28	2196	0	1	1	0
2687	1	1	1	0	0	28	2196	0	1	1	0
2688	1	1	1	0	0	28	2196	0	1	1	0
2689	1	1	1	0	0	28	2196	0	1	1	0
2690	1	1	1	0	0	28	2196	0	1	1	0
2691	1	1	1	0	0	28	2196	0	1	1	0
2692	1	1	1	0	0	28	2196	0	1	1	0
2693	1	1	1	0	0	28	2196	0	1	1	0
2694	1	1	1	0	0	28	2196	0	1	1	0
2697	1	1	1	0	0	28	2196	0	1	1	0
2698	1	1	1	0	0	28	2196	0	1	1	0
2699	1	1	1	0	0	28	2196	0	1	1	0
2700	1	1	1	0	0	28	2196	0	1	1	0
2701	1	1	1	0	0	28	2196	0	1	1	0
2704	1	1	1	0	0	28	2196	0	1	1	0
2705	1	1	1	0	0	28	2196	0	1	1	0
2706	1	1	1	0	0	28	2196	0	1	1	0
2707	1	1	1	0	0	28	2196	0	1	1	0
2708	1	1	1	0	0	28	2196	0	1	1	0
2710	1	1	1	0	0	28	2196	0	1	1	0
2712	1	1	1	0	0	28	2196	0	1	1	0
2713	1	1	1	0	0	28	2196	0	1	1	0
2714	1	1	1	0	0	28	2196	0	1	1	0
2716	1	1	1	0	0	28	2196	0	1	1	0
2717	1	1	1	0	0	28	2196	0	1	1	0
2719	1	1	1	0	0	28	2196	0	1	1	0
2723	1	1	1	0	0	28	2196	0	1	1	0
2724	1	1	1	0	0	28	2196	0	1	1	0
2725	1	1	1	0	0	28	2196	0	1	1	0
2731	1	1	1	0	0	28	2196	0	1	1	0
2732	1	1	1	0	0	28	2196	0	1	1	0
2734	1	1	1	0	0	28	2196	0	1	1	0
2739	1	1	1	0	0	28	2196	0	1	1	0
2741	1	1	1	0	0	28	2196	0	1	1	0
2743	1	1	1	0	0	28	2196	0	1	1	0
2746	1	1	1	0	0	28	2196	0	1	1	0
2750	1	1	1	0	0	28	2196	0	1	1	0
2751	1	1	1	0	0	28	2196	0	1	1	0
2752	1	1	1	0	0	28	2196	0	1	1	0
2754	1	1	1	0	0	28	2196	0	1	1	0
2757	1	1	1	0	0	28	2196	0	1	1	0
2758	1	1	1	0	0	28	2196	0	1	1	0
2760	1	1	1	0	0	28	2196	0	1	1	0
2762	1	1	1	0	0	28	2196	0	1	1	0
2763	1	1	1	0	0	28	2196	0	1	1	0
2766	1	1	1	0	0	28	2196	0	1	1	0
2770	1	1	1	0	0	28	2196	0	1	1	0
2771	1	1	1	0	0	28	2196	0	1	1	0
2773	1	1	1	0	0	28	2196	0	1	1	0
2780	1	1	1	0	0	28	2196	0	1	1	0
2781	1	1	1	0	0	28	2196	0	1	1	0
2786	1	1	1	0	0	28	2196	0	1	1	0
2788	1	1	1	0	0	28	2196	0	1	1	0
2789	1	1	1	0	0	28	2196	0	1	1	0
2790	1	1	1	0	0	28	2196	0	1	1	0
2791	1	1	1	0	0	28	2196	0	1	1	0
2816	1	1	1	0	0	28	2196	0	1	1	0
2817	1	1	1	0	0	28	2196	0	1	1	0
2818	1	1	1	0	0	28	2196	0	1	1	0
2820	1	1	1	0	0	28	2196	0	1	1	0
2823	1	1	1	0	0	28	2196	0	1	1	0
2824	1	1	1	0	0	28	2196	0	1	1	0
2825	1	1	1	0	0	28	2196	0	1	1	0
2827	1	1	1	0	0	28	2196	0	1	1	0
2828	1	1	1	0	0	28	2196	0	1	1	0
2832	1	1	1	0	0	28	2196	0	1	1	0
2833	1	1	1	0	0	28	2196	0	1	1	0
2834	1	1	1	0	0	28	2196	0	1	1	0
2835	1	1	1	0	0	28	2196	0	1	1	0
2837	1	1	1	0	0	28	2196	0	1	1	0
2839	1	1	1	0	0	28	2196	0	1	1	0
2840	1	1	1	0	0	28	2196	0	1	1	0
2841	1	1	1	0	0	28	2196	0	1	1	0
2844	1	1	1	0	0	28	2196	0	1	1	0
2847	1	1	1	0	0	28	2196	0	1	1	0
2851	1	1	1	0	0	28	2196	0	1	1	0
2869	1	1	1	0	0	28	2196	0	1	1	0
2883	1	1	1	0	0	28	2196	0	1	1	0
2914	1	1	1	0	0	28	2196	0	1	1	0
2916	1	1	1	0	0	28	2196	0	1	1	0
2917	1	1	1	0	0	28	2196	0	1	1	0
2924	1	1	1	0	0	28	2196	0	1	1	0
2926	1	1	1	0	0	28	2196	0	1	1	0
2927	1	1	1	0	0	28	2196	0	1	1	0
2930	1	1	1	0	0	28	2196	0	1	1	0
2932	1	1	1	0	0	28	2196	0	1	1	0
2933	1	1	1	0	0	28	2196	0	1	1	0
2934	1	1	1	0	0	28	2196	0	1	1	0
2938	1	1	1	0	0	28	2196	0	1	1	0
2939	1	1	1	0	0	28	2196	0	1	1	0
2940	1	1	1	0	0	28	2196	0	1	1	0
2941	1	1	1	0	0	28	2196	0	1	1	0
2943	1	1	1	0	0	28	2196	0	1	1	0
2945	1	1	1	0	0	28	2196	0	1	1	0
2946	1	1	1	0	0	28	2196	0	1	1	0
2947	1	1	1	0	0	28	2196	0	1	1	0
2948	1	1	1	0	0	28	2196	0	1	1	0
2949	1	1	1	0	0	28	2196	0	1	1	0
2950	1	1	1	0	0	28	2196	0	1	1	0
2951	1	1	1	0	0	28	2196	0	1	1	0
2952	1	1	1	0	0	28	2196	0	1	1	0
2953	1	1	1	0	0	28	2196	0	1	1	0
2954	1	1	1	0	0	28	2196	0	1	1	0
2955	1	1	1	0	0	28	2196	0	1	1	0
2959	1	1	1	0	0	28	2196	0	1	1	0
2962	1	1	1	0	0	28	2196	0	1	1	0
2969	1	1	1	0	0	28	2196	0	1	1	0
2970	1	1	1	0	0	28	2196	0	1	1	0
2971	1	1	1	0	0	28	2196	0	1	1	0
2972	1	1	1	0	0	28	2196	0	1	1	0
2975	1	1	1	0	0	28	2196	0	1	1	0
2976	1	1	1	0	0	28	2196	0	1	1	0
2977	1	1	1	0	0	28	2196	0	1	1	0
2978	1	1	1	0	0	28	2196	0	1	1	0
2979	1	1	1	0	0	28	2196	0	1	1	0
2980	1	1	1	0	0	28	2196	0	1	1	0
2982	1	1	1	0	0	28	2196	0	1	1	0
2984	1	1	1	0	0	28	2196	0	1	1	0
2985	1	1	1	0	0	28	2196	0	1	1	0
2986	1	1	1	0	0	28	2196	0	1	1	0
2987	1	1	1	0	0	28	2196	0	1	1	0
2988	1	1	1	0	0	28	2196	0	1	1	0
2991	1	1	1	0	0	28	2196	0	1	1	0
2992	1	1	1	0	0	28	2196	0	1	1	0
2994	1	1	1	0	0	28	2196	0	1	1	0
2996	1	1	1	0	0	28	2196	0	1	1	0
2997	1	1	1	0	0	28	2196	0	1	1	0
3001	1	1	1	0	0	28	2196	0	1	1	0
3002	1	1	1	0	0	28	2196	0	1	1	0
3003	1	1	1	0	0	28	2196	0	1	1	0
3004	1	1	1	0	0	28	2196	0	1	1	0
3005	1	1	1	0	0	28	2196	0	1	1	0
3007	1	1	1	0	0	28	2196	0	1	1	0
3008	1	1	1	0	0	28	2196	0	1	1	0
3009	1	1	1	0	0	28	2196	0	1	1	0
3010	1	1	1	0	0	28	2196	0	1	1	0
3011	1	1	1	0	0	28	2196	0	1	1	0
3012	1	1	1	0	0	28	2196	0	1	1	0
3013	1	1	1	0	0	28	2196	0	1	1	0
3014	1	1	1	0	0	28	2196	0	1	1	0
3015	1	1	1	0	0	28	2196	0	1	1	0
3016	1	1	1	0	0	28	2196	0	1	1	0
3017	1	1	1	0	0	28	2196	0	1	1	0
3030	1	1	1	0	0	28	2196	0	1	1	0
3031	1	1	1	0	0	28	2196	0	1	1	0
3046	1	1	1	0	0	28	2196	0	1	1	0
3047	1	1	1	0	0	28	2196	0	1	1	0
3048	1	1	1	0	0	28	2196	0	1	1	0
3049	1	1	1	0	0	28	2196	0	1	1	0
3050	1	1	1	0	0	28	2196	0	1	1	0
3051	1	1	1	0	0	28	2196	0	1	1	0
3054	1	1	1	0	0	28	2196	0	1	1	0
3055	1	1	1	0	0	28	2196	0	1	1	0
3056	1	1	1	0	0	28	2196	0	1	1	0
3057	1	1	1	0	0	28	2196	0	1	1	0
3058	1	1	1	0	0	28	2196	0	1	1	0
3059	1	1	1	0	0	28	2196	0	1	1	0
3060	1	1	1	0	0	28	2196	0	1	1	0
3061	1	1	1	0	0	28	2196	0	1	1	0
3063	1	1	1	0	0	28	2196	0	1	1	0
3064	1	1	1	0	0	28	2196	0	1	1	0
3065	1	1	1	0	0	28	2196	0	1	1	0
3066	1	1	1	0	0	28	2196	0	1	1	0
3067	1	1	1	0	0	28	2196	0	1	1	0
3068	1	1	1	0	0	28	2196	0	1	1	0
3069	1	1	1	0	0	28	2196	0	1	1	0
3070	1	1	1	0	0	28	2196	0	1	1	0
3073	1	1	1	0	0	28	2196	0	1	1	0
3074	1	1	1	0	0	28	2196	0	1	1	0
3075	1	1	1	0	0	28	2196	0	1	1	0
3076	1	1	1	0	0	28	2196	0	1	1	0
3077	1	1	1	0	0	28	2196	0	1	1	0
3078	1	1	1	0	0	28	2196	0	1	1	0
3080	1	1	1	0	0	28	2196	0	1	1	0
3081	1	1	1	0	0	28	2196	0	1	1	0
3082	1	1	1	0	0	28	2196	0	1	1	0
3083	1	1	1	0	0	28	2196	0	1	1	0
3084	1	1	1	0	0	28	2196	0	1	1	0
3085	1	1	1	0	0	28	2196	0	1	1	0
3086	1	1	1	0	0	28	2196	0	1	1	0
3087	1	1	1	0	0	28	2196	0	1	1	0
3088	1	1	1	0	0	28	2196	0	1	1	0
3089	1	1	1	0	0	28	2196	0	1	1	0
3090	1	1	1	0	0	28	2196	0	1	1	0
3091	1	1	1	0	0	28	2196	0	1	1	0
3092	1	1	1	0	0	28	2196	0	1	1	0
3093	1	1	1	0	0	28	2196	0	1	1	0
3094	1	1	1	0	0	28	2196	0	1	1	0
3095	1	1	1	0	0	28	2196	0	1	1	0
3096	1	1	1	0	0	28	2196	0	1	1	0
3097	1	1	1	0	0	28	2196	0	1	1	0
3098	1	1	1	0	0	28	2196	0	1	1	0
3099	1	1	1	0	0	28	2196	0	1	1	0
3100	1	1	1	0	0	28	2196	0	1	1	0
3101	1	1	1	0	0	28	2196	0	1	1	0
3102	1	1	1	0	0	28	2196	0	1	1	0
3103	1	1	1	0	0	28	2196	0	1	1	0
3111	1	1	1	0	0	28	2196	0	1	1	0
3116	1	1	1	0	0	28	2196	0	1	1	0
3117	1	1	1	0	0	28	2196	0	1	1	0
3118	1	1	1	0	0	28	2196	0	1	1	0
3119	1	1	1	0	0	28	2196	0	1	1	0
3132	1	1	1	0	0	28	2196	0	1	1	0
3133	1	1	1	0	0	28	2196	0	1	1	0
3134	1	1	1	0	0	28	2196	0	1	1	0
3135	1	1	1	0	0	28	2196	0	1	1	0
3148	1	1	1	0	0	28	2196	0	1	1	0
3149	1	1	1	0	0	28	2196	0	1	1	0
3151	1	1	1	0	0	28	2196	0	1	1	0
3152	1	1	1	0	0	28	2196	0	1	1	0
3153	1	1	1	0	0	28	2196	0	1	1	0
3154	1	1	1	0	0	28	2196	0	1	1	0
3155	1	1	1	0	0	28	2196	0	1	1	0
3156	1	1	1	0	0	28	2196	0	1	1	0
3157	1	1	1	0	0	28	2196	0	1	1	0
3158	1	1	1	0	0	28	2196	0	1	1	0
3159	1	1	1	0	0	28	2196	0	1	1	0
3160	1	1	1	0	0	28	2196	0	1	1	0
3161	1	1	1	0	0	28	2196	0	1	1	0
3162	1	1	1	0	0	28	2196	0	1	1	0
3163	1	1	1	0	0	28	2196	0	1	1	0
3164	1	1	1	0	0	28	2196	0	1	1	0
3165	1	1	1	0	0	28	2196	0	1	1	0
3166	1	1	1	0	0	28	2196	0	1	1	0
3167	1	1	1	0	0	28	2196	0	1	1	0
3168	1	1	1	0	0	28	2196	0	1	1	0
3169	1	1	1	0	0	28	2196	0	1	1	0
3170	1	1	1	0	0	28	2196	0	1	1	0
3172	1	1	1	0	0	28	2196	0	1	1	0
3173	1	1	1	0	0	28	2196	0	1	1	0
3174	1	1	1	0	0	28	2196	0	1	1	0
3175	1	1	1	0	0	28	2196	0	1	1	0
3176	1	1	1	0	0	28	2196	0	1	1	0
3178	1	1	1	0	0	28	2196	0	1	1	0
3179	1	1	1	0	0	28	2196	0	1	1	0
3180	1	1	1	0	0	28	2196	0	1	1	0
3183	1	1	1	0	0	28	2196	0	1	1	0
3184	1	1	1	0	0	28	2196	0	1	1	0
3185	1	1	1	0	0	28	2196	0	1	1	0
3186	1	1	1	0	0	28	2196	0	1	1	0
3187	1	1	1	0	0	28	2196	0	1	1	0
3190	1	1	1	0	0	28	2196	0	1	1	0
3191	1	1	1	0	0	28	2196	0	1	1	0
3192	1	1	1	0	0	28	2196	0	1	1	0
3195	1	1	1	0	0	28	2196	0	1	1	0
3196	1	1	1	0	0	28	2196	0	1	1	0
3198	1	1	1	0	0	28	2196	0	1	1	0
3199	1	1	1	0	0	28	2196	0	1	1	0
3201	1	1	1	0	0	28	2196	0	1	1	0
3202	1	1	1	0	0	28	2196	0	1	1	0
3205	1	1	1	0	0	28	2196	0	1	1	0
3209	1	1	1	0	0	28	2196	0	1	1	0
3210	1	1	1	0	0	28	2196	0	1	1	0
3212	1	1	1	0	0	28	2196	0	1	1	0
3241	1	1	1	0	0	28	2196	0	1	1	0
3242	1	1	1	0	0	28	2196	0	1	1	0
3281	1	1	1	0	0	28	2196	0	1	1	0
3291	1	1	1	0	0	28	2196	0	1	1	0
3296	1	1	1	0	0	28	2196	0	1	1	0
3297	1	1	1	0	0	28	2196	0	1	1	0
3298	1	1	1	0	0	28	2196	0	1	1	0
3299	1	1	1	0	0	28	2196	0	1	1	0
3300	1	1	1	0	0	28	2196	0	1	1	0
3303	1	1	1	0	0	28	2196	0	1	1	0
3304	1	1	1	0	0	28	2196	0	1	1	0
3305	1	1	1	0	0	28	2196	0	1	1	0
3306	1	1	1	0	0	28	2196	0	1	1	0
3307	1	1	1	0	0	28	2196	0	1	1	0
3308	1	1	1	0	0	28	2196	0	1	1	0
3309	1	1	1	0	0	28	2196	0	1	1	0
3310	1	1	1	0	0	28	2196	0	1	1	0
3311	1	1	1	0	0	28	2196	0	1	1	0
3312	1	1	1	0	0	28	2196	0	1	1	0
3313	1	1	1	0	0	28	2196	0	1	1	0
3314	1	1	1	0	0	28	2196	0	1	1	0
3315	1	1	1	0	0	28	2196	0	1	1	0
3316	1	1	1	0	0	28	2196	0	1	1	0
3317	1	1	1	0	0	28	2196	0	1	1	0
3318	1	1	1	0	0	28	2196	0	1	1	0
3319	1	1	1	0	0	28	2196	0	1	1	0
3320	1	1	1	0	0	28	2196	0	1	1	0
3321	1	1	1	0	0	28	2196	0	1	1	0
3322	1	1	1	0	0	28	2196	0	1	1	0
3323	1	1	1	0	0	28	2196	0	1	1	0
3324	1	1	1	0	0	28	2196	0	1	1	0
3325	1	1	1	0	0	28	2196	0	1	1	0
3326	1	1	1	0	0	28	2196	0	1	1	0
3327	1	1	1	0	0	28	2196	0	1	1	0
3328	1	1	1	0	0	28	2196	0	1	1	0
3329	1	1	1	0	0	28	2196	0	1	1	0
3330	1	1	1	0	0	28	2196	0	1	1	0
3331	1	1	1	0	0	28	2196	0	1	1	0
3332	1	1	1	0	0	28	2196	0	1	1	0
3333	1	1	1	0	0	28	2196	0	1	1	0
3334	1	1	1	0	0	28	2196	0	1	1	0
3335	1	1	1	0	0	28	2196	0	1	1	0
3336	1	1	1	0	0	28	2196	0	1	1	0
3337	1	1	1	0	0	28	2196	0	1	1	0
3338	1	1	1	0	0	28	2196	0	1	1	0
3339	1	1	1	0	0	28	2196	0	1	1	0
3340	1	1	1	0	0	28	2196	0	1	1	0
3341	1	1	1	0	0	28	2196	0	1	1	0
3342	1	1	1	0	0	28	2196	0	1	1	0
3343	1	1	1	0	0	28	2196	0	1	1	0
3344	1	1	1	0	0	28	2196	0	1	1	0
3345	1	1	1	0	0	28	2196	0	1	1	0
3346	1	1	1	0	0	28	2196	0	1	1	0
3347	1	1	1	0	0	28	2196	0	1	1	0
3348	1	1	1	0	0	28	2196	0	1	1	0
3349	1	1	1	0	0	28	2196	0	1	1	0
3350	1	1	1	0	0	28	2196	0	1	1	0
3351	1	1	1	0	0	28	2196	0	1	1	0
3352	1	1	1	0	0	28	2196	0	1	1	0
3353	1	1	1	0	0	28	2196	0	1	1	0
3354	1	1	1	0	0	28	2196	0	1	1	0
3355	1	1	1	0	0	28	2196	0	1	1	0
3356	1	1	1	0	0	28	2196	0	1	1	0
3357	1	1	1	0	0	28	2196	0	1	1	0
3358	1	1	1	0	0	28	2196	0	1	1	0
3359	1	1	1	0	0	28	2196	0	1	1	0
3360	1	1	1	0	0	28	2196	0	1	1	0
3362	1	1	1	0	0	28	2196	0	1	1	0
3363	1	1	1	0	0	28	2196	0	1	1	0
3364	1	1	1	0	0	28	2196	0	1	1	0
3365	1	1	1	0	0	28	2196	0	1	1	0
3367	1	1	1	0	0	28	2196	0	1	1	0
3378	1	1	1	0	0	28	2196	0	1	1	0
3380	1	1	1	0	0	28	2196	0	1	1	0
3381	1	1	1	0	0	28	2196	0	1	1	0
3382	1	1	1	0	0	28	2196	0	1	1	0
3383	1	1	1	0	0	28	2196	0	1	1	0
3384	1	1	1	0	0	28	2196	0	1	1	0
3385	1	1	1	0	0	28	2196	0	1	1	0
3386	1	1	1	0	0	28	2196	0	1	1	0
3387	1	1	1	0	0	28	2196	0	1	1	0
3388	1	1	1	0	0	28	2196	0	1	1	0
3389	1	1	1	0	0	28	2196	0	1	1	0
3390	1	1	1	0	0	28	2196	0	1	1	0
3391	1	1	1	0	0	28	2196	0	1	1	0
3392	1	1	1	0	0	28	2196	0	1	1	0
3393	1	1	1	0	0	28	2196	0	1	1	0
3394	1	1	1	0	0	28	2196	0	1	1	0
3395	1	1	1	0	0	28	2196	0	1	1	0
3396	1	1	1	0	0	28	2196	0	1	1	0
3397	1	1	1	0	0	28	2196	0	1	1	0
3398	1	1	1	0	0	28	2196	0	1	1	0
3399	1	1	1	0	0	28	2196	0	1	1	0
3400	1	1	1	0	0	28	2196	0	1	1	0
3401	1	1	1	0	0	28	2196	0	1	1	0
3402	1	1	1	0	0	28	2196	0	1	1	0
3403	1	1	1	0	0	28	2196	0	1	1	0
3404	1	1	1	0	0	28	2196	0	1	1	0
3405	1	1	1	0	0	28	2196	0	1	1	0
3406	1	1	1	0	0	28	2196	0	1	1	0
3407	1	1	1	0	0	28	2196	0	1	1	0
3408	1	1	1	0	0	28	2196	0	1	1	0
3409	1	1	1	0	0	28	2196	0	1	1	0
3410	1	1	1	0	0	28	2196	0	1	1	0
3411	1	1	1	0	0	28	2196	0	1	1	0
3412	1	1	1	0	0	28	2196	0	1	1	0
3413	1	1	1	0	0	28	2196	0	1	1	0
3414	1	1	1	0	0	28	2196	0	1	1	0
3415	1	1	1	0	0	28	2196	0	1	1	0
3416	1	1	1	0	0	28	2196	0	1	1	0
3417	1	1	1	0	0	28	2196	0	1	1	0
3418	1	1	1	0	0	28	2196	0	1	1	0
3419	1	1	1	0	0	28	2196	0	1	1	0
3420	1	1	1	0	0	28	2196	0	1	1	0
3421	1	1	1	0	0	28	2196	0	1	1	0
3422	1	1	1	0	0	28	2196	0	1	1	0
3423	1	1	1	0	0	28	2196	0	1	1	0
3424	1	1	1	0	0	28	2196	0	1	1	0
3425	1	1	1	0	0	28	2196	0	1	1	0
3426	1	1	1	0	0	28	2196	0	1	1	0
3427	1	1	1	0	0	28	2196	0	1	1	0
3428	1	1	1	0	0	28	2196	0	1	1	0
3429	1	1	1	0	0	28	2196	0	1	1	0
3430	1	1	1	0	0	28	2196	0	1	1	0
3431	1	1	1	0	0	28	2196	0	1	1	0
3432	1	1	1	0	0	28	2196	0	1	1	0
3434	1	1	1	0	0	28	2196	0	1	1	0
3435	1	1	1	0	0	28	2196	0	1	1	0
3436	1	1	1	0	0	28	2196	0	1	1	0
3439	1	1	1	0	0	28	2196	0	1	1	0
3440	1	1	1	0	0	28	2196	0	1	1	0
3441	1	1	1	0	0	28	2196	0	1	1	0
3442	1	1	1	0	0	28	2196	0	1	1	0
3443	1	1	1	0	0	28	2196	0	1	1	0
3445	1	1	1	0	0	28	2196	0	1	1	0
3446	1	1	1	0	0	28	2196	0	1	1	0
3447	1	1	1	0	0	28	2196	0	1	1	0
3448	1	1	1	0	0	28	2196	0	1	1	0
3449	1	1	1	0	0	28	2196	0	1	1	0
3450	1	1	1	0	0	28	2196	0	1	1	0
3454	1	1	1	0	0	28	2196	0	1	1	0
3455	1	1	1	0	0	28	2196	0	1	1	0
3456	1	1	1	0	0	28	2196	0	1	1	0
3457	1	1	1	0	0	28	2196	0	1	1	0
3461	1	1	1	0	0	28	2196	0	1	1	0
3488	1	1	1	0	0	28	2196	0	1	1	0
3501	1	1	1	0	0	28	2196	0	1	1	0
3502	1	1	1	0	0	28	2196	0	1	1	0
3503	1	1	1	0	0	28	2196	0	1	1	0
3504	1	1	1	0	0	28	2196	0	1	1	0
3506	1	1	1	0	0	28	2196	0	1	1	0
3507	1	1	1	0	0	28	2196	0	1	1	0
3508	1	1	1	0	0	28	2196	0	1	1	0
3509	1	1	1	0	0	28	2196	0	1	1	0
3510	1	1	1	0	0	28	2196	0	1	1	0
3511	1	1	1	0	0	28	2196	0	1	1	0
3512	1	1	1	0	0	28	2196	0	1	1	0
3513	1	1	1	0	0	28	2196	0	1	1	0
3514	1	1	1	0	0	28	2196	0	1	1	0
3515	1	1	1	0	0	28	2196	0	1	1	0
3516	1	1	1	0	0	28	2196	0	1	1	0
3517	1	1	1	0	0	28	2196	0	1	1	0
3518	1	1	1	0	0	28	2196	0	1	1	0
3519	1	1	1	0	0	28	2196	0	1	1	0
3532	1	1	1	0	0	28	2196	0	1	1	0
3533	1	1	1	0	0	28	2196	0	1	1	0
3536	1	1	1	0	0	28	2196	0	1	1	0
3537	1	1	1	0	0	28	2196	0	1	1	0
3538	1	1	1	0	0	28	2196	0	1	1	0
3551	1	1	1	0	0	28	2196	0	1	1	0
3568	1	1	1	0	0	28	2196	0	1	1	0
3570	1	1	1	0	0	28	2196	0	1	1	0
3571	1	1	1	0	0	28	2196	0	1	1	0
3572	1	1	1	0	0	28	2196	0	1	1	0
3575	1	1	1	0	0	28	2196	0	1	1	0
3576	1	1	1	0	0	28	2196	0	1	1	0
3577	1	1	1	0	0	28	2196	0	1	1	0
3578	1	1	1	0	0	28	2196	0	1	1	0
3583	1	1	1	0	0	28	2196	0	1	1	0
3598	1	1	1	0	0	28	2196	0	1	1	0
3602	1	1	1	0	0	28	2196	0	1	1	0
3603	1	1	1	0	0	28	2196	0	1	1	0
3604	1	1	1	0	0	28	2196	0	1	1	0
3605	1	1	1	0	0	28	2196	0	1	1	0
3606	1	1	1	0	0	28	2196	0	1	1	0
3607	1	1	1	0	0	28	2196	0	1	1	0
3608	1	1	1	0	0	28	2196	0	1	1	0
3609	1	1	1	0	0	28	2196	0	1	1	0
3610	1	1	1	0	0	28	2196	0	1	1	0
3611	1	1	1	0	0	28	2196	0	1	1	0
3612	1	1	1	0	0	28	2196	0	1	1	0
3613	1	1	1	0	0	28	2196	0	1	1	0
3614	1	1	1	0	0	28	2196	0	1	1	0
3615	1	1	1	0	0	28	2196	0	1	1	0
3616	1	1	1	0	0	28	2196	0	1	1	0
3617	1	1	1	0	0	28	2196	0	1	1	0
3618	1	1	1	0	0	28	2196	0	1	1	0
3619	1	1	1	0	0	28	2196	0	1	1	0
3620	1	1	1	0	0	28	2196	0	1	1	0
3621	1	1	1	0	0	28	2196	0	1	1	0
3622	1	1	1	0	0	28	2196	0	1	1	0
3623	1	1	1	0	0	28	2196	0	1	1	0
3624	1	1	1	0	0	28	2196	0	1	1	0
3625	1	1	1	0	0	28	2196	0	1	1	0
3626	1	1	1	0	0	28	2196	0	1	1	0
3627	1	1	1	0	0	28	2196	0	1	1	0
3628	1	1	1	0	0	28	2196	0	1	1	0
3629	1	1	1	0	0	28	2196	0	1	1	0
3630	1	1	1	0	0	28	2196	0	1	1	0
3631	1	1	1	0	0	28	2196	0	1	1	0
3633	1	1	1	0	0	28	2196	0	1	1	0
3634	1	1	1	0	0	28	2196	0	1	1	0
3635	1	1	1	0	0	28	2196	0	1	1	0
3636	1	1	1	0	0	28	2196	0	1	1	0
3637	1	1	1	0	0	28	2196	0	1	1	0
3638	1	1	1	0	0	28	2196	0	1	1	0
3639	1	1	1	0	0	28	2196	0	1	1	0
3640	1	1	1	0	0	28	2196	0	1	1	0
3641	1	1	1	0	0	28	2196	0	1	1	0
3642	1	1	1	0	0	28	2196	0	1	1	0
3643	1	1	1	0	0	28	2196	0	1	1	0
3644	1	1	1	0	0	28	2196	0	1	1	0
3645	1	1	1	0	0	28	2196	0	1	1	0
3646	1	1	1	0	0	28	2196	0	1	1	0
3647	1	1	1	0	0	28	2196	0	1	1	0
3648	1	1	1	0	0	28	2196	0	1	1	0
3649	1	1	1	0	0	28	2196	0	1	1	0
3650	1	1	1	0	0	28	2196	0	1	1	0
3651	1	1	1	0	0	28	2196	0	1	1	0
3652	1	1	1	0	0	28	2196	0	1	1	0
3653	1	1	1	0	0	28	2196	0	1	1	0
3654	1	1	1	0	0	28	2196	0	1	1	0
3655	1	1	1	0	0	28	2196	0	1	1	0
3656	1	1	1	0	0	28	2196	0	1	1	0
3657	1	1	1	0	0	28	2196	0	1	1	0
3658	1	1	1	0	0	28	2196	0	1	1	0
3660	1	1	1	0	0	28	2196	0	1	1	0
3661	1	1	1	0	0	28	2196	0	1	1	0
3662	1	1	1	0	0	28	2196	0	1	1	0
3663	1	1	1	0	0	28	2196	0	1	1	0
3664	1	1	1	0	0	28	2196	0	1	1	0
3665	1	1	1	0	0	28	2196	0	1	1	0
3666	1	1	1	0	0	28	2196	0	1	1	0
3667	1	1	1	0	0	28	2196	0	1	1	0
3668	1	1	1	0	0	28	2196	0	1	1	0
3669	1	1	1	0	0	28	2196	0	1	1	0
3671	1	1	1	0	0	28	2196	0	1	1	0
3672	1	1	1	0	0	28	2196	0	1	1	0
3673	1	1	1	0	0	28	2196	0	1	1	0
3674	1	1	1	0	0	28	2196	0	1	1	0
3675	1	1	1	0	0	28	2196	0	1	1	0
3676	1	1	1	0	0	28	2196	0	1	1	0
3677	1	1	1	0	0	28	2196	0	1	1	0
3682	1	1	1	0	0	28	2196	0	1	1	0
3683	1	1	1	0	0	28	2196	0	1	1	0
3684	1	1	1	0	0	28	2196	0	1	1	0
3685	1	1	1	0	0	28	2196	0	1	1	0
3689	1	1	1	0	0	28	2196	0	1	1	0
3691	1	1	1	0	0	28	2196	0	1	1	0
3692	1	1	1	0	0	28	2196	0	1	1	0
3693	1	1	1	0	0	28	2196	0	1	1	0
3694	1	1	1	0	0	28	2196	0	1	1	0
3695	1	1	1	0	0	28	2196	0	1	1	0
3696	1	1	1	0	0	28	2196	0	1	1	0
3697	1	1	1	0	0	28	2196	0	1	1	0
3701	1	1	1	0	0	28	2196	0	1	1	0
3702	1	1	1	0	0	28	2196	0	1	1	0
3703	1	1	1	0	0	28	2196	0	1	1	0
3704	1	1	1	0	0	28	2196	0	1	1	0
3705	1	1	1	0	0	28	2196	0	1	1	0
3708	1	1	1	0	0	28	2196	0	1	1	0
3709	1	1	1	0	0	28	2196	0	1	1	0
3710	1	1	1	0	0	28	2196	0	1	1	0
3711	1	1	1	0	0	28	2196	0	1	1	0
3713	1	1	1	0	0	28	2196	0	1	1	0
3717	1	1	1	0	0	28	2196	0	1	1	0
3718	1	1	1	0	0	28	2196	0	1	1	0
3719	1	1	1	0	0	28	2196	0	1	1	0
3720	1	1	1	0	0	28	2196	0	1	1	0
3724	1	1	1	0	0	28	2196	0	1	1	0
3725	1	1	1	0	0	28	2196	0	1	1	0
3726	1	1	1	0	0	28	2196	0	1	1	0
3727	1	1	1	0	0	28	2196	0	1	1	0
3728	1	1	1	0	0	28	2196	0	1	1	0
3730	1	1	1	0	0	28	2196	0	1	1	0
3732	1	1	1	0	0	28	2196	0	1	1	0
3734	1	1	1	0	0	28	2196	0	1	1	0
3736	1	1	1	0	0	28	2196	0	1	1	0
3741	1	1	1	0	0	28	2196	0	1	1	0
3742	1	1	1	0	0	28	2196	0	1	1	0
3744	1	1	1	0	0	28	2196	0	1	1	0
3745	1	1	1	0	0	28	2196	0	1	1	0
3748	1	1	1	0	0	28	2196	0	1	1	0
3749	1	1	1	0	0	28	2196	0	1	1	0
3750	1	1	1	0	0	28	2196	0	1	1	0
3751	1	1	1	0	0	28	2196	0	1	1	0
3752	1	1	1	0	0	28	2196	0	1	1	0
3753	1	1	1	0	0	28	2196	0	1	1	0
3783	1	1	1	0	0	28	2196	0	1	1	0
3786	1	1	1	0	0	28	2196	0	1	1	0
3790	1	1	1	0	0	28	2196	0	1	1	0
3791	1	1	1	0	0	28	2196	0	1	1	0
3792	1	1	1	0	0	28	2196	0	1	1	0
3800	1	1	1	0	0	28	2196	0	1	1	0
3805	1	1	1	0	0	28	2196	0	1	1	0
3806	1	1	1	0	0	28	2196	0	1	1	0
3807	1	1	1	0	0	28	2196	0	1	1	0
3809	1	1	1	0	0	28	2196	0	1	1	0
3810	1	1	1	0	0	28	2196	0	1	1	0
3811	1	1	1	0	0	28	2196	0	1	1	0
3812	1	1	1	0	0	28	2196	0	1	1	0
3813	1	1	1	0	0	28	2196	0	1	1	0
3815	1	1	1	0	0	28	2196	0	1	1	0
3816	1	1	1	0	0	28	2196	0	1	1	0
3817	1	1	1	0	0	28	2196	0	1	1	0
3818	1	1	1	0	0	28	2196	0	1	1	0
3819	1	1	1	0	0	28	2196	0	1	1	0
3820	1	1	1	0	0	28	2196	0	1	1	0
3821	1	1	1	0	0	28	2196	0	1	1	0
3822	1	1	1	0	0	28	2196	0	1	1	0
3823	1	1	1	0	0	28	2196	0	1	1	0
3824	1	1	1	0	0	28	2196	0	1	1	0
3825	1	1	1	0	0	28	2196	0	1	1	0
3826	1	1	1	0	0	28	2196	0	1	1	0
3827	1	1	1	0	0	28	2196	0	1	1	0
3828	1	1	1	0	0	28	2196	0	1	1	0
3829	1	1	1	0	0	28	2196	0	1	1	0
3830	1	1	1	0	0	28	2196	0	1	1	0
3831	1	1	1	0	0	28	2196	0	1	1	0
3832	1	1	1	0	0	28	2196	0	1	1	0
3833	1	1	1	0	0	28	2196	0	1	1	0
3835	1	1	1	0	0	28	2196	0	1	1	0
3836	1	1	1	0	0	28	2196	0	1	1	0
3837	1	1	1	0	0	28	2196	0	1	1	0
3838	1	1	1	0	0	28	2196	0	1	1	0
3839	1	1	1	0	0	28	2196	0	1	1	0
3840	1	1	1	0	0	28	2196	0	1	1	0
3841	1	1	1	0	0	28	2196	0	1	1	0
3842	1	1	1	0	0	28	2196	0	1	1	0
3843	1	1	1	0	0	28	2196	0	1	1	0
3844	1	1	1	0	0	28	2196	0	1	1	0
3845	1	1	1	0	0	28	2196	0	1	1	0
3846	1	1	1	0	0	28	2196	0	1	1	0
3847	1	1	1	0	0	28	2196	0	1	1	0
3848	1	1	1	0	0	28	2196	0	1	1	0
3849	1	1	1	0	0	28	2196	0	1	1	0
3850	1	1	1	0	0	28	2196	0	1	1	0
3851	1	1	1	0	0	28	2196	0	1	1	0
3852	1	1	1	0	0	28	2196	0	1	1	0
3853	1	1	1	0	0	28	2196	0	1	1	0
3854	1	1	1	0	0	28	2196	0	1	1	0
3855	1	1	1	0	0	28	2196	0	1	1	0
3856	1	1	1	0	0	28	2196	0	1	1	0
3857	1	1	1	0	0	28	2196	0	1	1	0
3858	1	1	1	0	0	28	2196	0	1	1	0
3859	1	1	1	0	0	28	2196	0	1	1	0
3860	1	1	1	0	0	28	2196	0	1	1	0
3861	1	1	1	0	0	28	2196	0	1	1	0
3862	1	1	1	0	0	28	2196	0	1	1	0
3863	1	1	1	0	0	28	2196	0	1	1	0
3864	1	1	1	0	0	28	2196	0	1	1	0
3865	1	1	1	0	0	28	2196	0	1	1	0
3867	1	1	1	0	0	28	2196	0	1	1	0
3868	1	1	1	0	0	28	2196	0	1	1	0
3869	1	1	1	0	0	28	2196	0	1	1	0
3870	1	1	1	0	0	28	2196	0	1	1	0
3872	1	1	1	0	0	28	2196	0	1	1	0
3873	1	1	1	0	0	28	2196	0	1	1	0
3874	1	1	1	0	0	28	2196	0	1	1	0
3878	1	1	1	0	0	28	2196	0	1	1	0
3889	1	1	1	0	0	28	2196	0	1	1	0
3893	1	1	1	0	0	28	2196	0	1	1	0
3896	1	1	1	0	0	28	2196	0	1	1	0
3897	1	1	1	0	0	28	2196	0	1	1	0
3899	1	1	1	0	0	28	2196	0	1	1	0
3900	1	1	1	0	0	28	2196	0	1	1	0
3901	1	1	1	0	0	28	2196	0	1	1	0
3903	1	1	1	0	0	28	2196	0	1	1	0
3904	1	1	1	0	0	28	2196	0	1	1	0
3905	1	1	1	0	0	28	2196	0	1	1	0
3906	1	1	1	0	0	28	2196	0	1	1	0
3907	1	1	1	0	0	28	2196	0	1	1	0
3908	1	1	1	0	0	28	2196	0	1	1	0
3909	1	1	1	0	0	28	2196	0	1	1	0
3910	1	1	1	0	0	28	2196	0	1	1	0
3911	1	1	1	0	0	28	2196	0	1	1	0
3912	1	1	1	0	0	28	2196	0	1	1	0
3913	1	1	1	0	0	28	2196	0	1	1	0
3914	1	1	1	0	0	28	2196	0	1	1	0
3915	1	1	1	0	0	28	2196	0	1	1	0
3916	1	1	1	0	0	28	2196	0	1	1	0
3917	1	1	1	0	0	28	2196	0	1	1	0
3918	1	1	1	0	0	28	2196	0	1	1	0
3919	1	1	1	0	0	28	2196	0	1	1	0
3920	1	1	1	0	0	28	2196	0	1	1	0
3921	1	1	1	0	0	28	2196	0	1	1	0
3922	1	1	1	0	0	28	2196	0	1	1	0
3923	1	1	1	0	0	28	2196	0	1	1	0
3924	1	1	1	0	0	28	2196	0	1	1	0
3925	1	1	1	0	0	28	2196	0	1	1	0
3926	1	1	1	0	0	28	2196	0	1	1	0
3927	1	1	1	0	0	28	2196	0	1	1	0
3928	1	1	1	0	0	28	2196	0	1	1	0
3929	1	1	1	0	0	28	2196	0	1	1	0
3930	1	1	1	0	0	28	2196	0	1	1	0
3931	1	1	1	0	0	28	2196	0	1	1	0
3932	1	1	1	0	0	28	2196	0	1	1	0
3933	1	1	1	0	0	28	2196	0	1	1	0
3934	1	1	1	0	0	28	2196	0	1	1	0
3935	1	1	1	0	0	28	2196	0	1	1	0
3936	1	1	1	0	0	28	2196	0	1	1	0
3937	1	1	1	0	0	28	2196	0	1	1	0
3938	1	1	1	0	0	28	2196	0	1	1	0
3939	1	1	1	0	0	28	2196	0	1	1	0
3940	1	1	1	0	0	28	2196	0	1	1	0
3941	1	1	1	0	0	28	2196	0	1	1	0
3942	1	1	1	0	0	28	2196	0	1	1	0
3943	1	1	1	0	0	28	2196	0	1	1	0
3944	1	1	1	0	0	28	2196	0	1	1	0
3945	1	1	1	0	0	28	2196	0	1	1	0
3946	1	1	1	0	0	28	2196	0	1	1	0
3947	1	1	1	0	0	28	2196	0	1	1	0
3948	1	1	1	0	0	28	2196	0	1	1	0
3949	1	1	1	0	0	28	2196	0	1	1	0
3950	1	1	1	0	0	28	2196	0	1	1	0
3951	1	1	1	0	0	28	2196	0	1	1	0
3952	1	1	1	0	0	28	2196	0	1	1	0
3953	1	1	1	0	0	28	2196	0	1	1	0
3954	1	1	1	0	0	28	2196	0	1	1	0
3955	1	1	1	0	0	28	2196	0	1	1	0
3956	1	1	1	0	0	28	2196	0	1	1	0
3957	1	1	1	0	0	28	2196	0	1	1	0
4006	1	1	1	0	0	28	2196	0	1	1	0
4013	1	1	1	0	0	28	2196	0	1	1	0
4019	1	1	1	0	0	28	2196	0	1	1	0
4022	1	1	1	0	0	28	2196	0	1	1	0
4023	1	1	1	0	0	28	2196	0	1	1	0
4024	1	1	1	0	0	28	2196	0	1	1	0
4025	1	1	1	0	0	28	2196	0	1	1	0
4026	1	1	1	0	0	28	2196	0	1	1	0
4027	1	1	1	0	0	28	2196	0	1	1	0
4030	1	1	1	0	0	28	2196	0	1	1	0
4031	1	1	1	0	0	28	2196	0	1	1	0
4032	1	1	1	0	0	28	2196	0	1	1	0
4033	1	1	1	0	0	28	2196	0	1	1	0
4034	1	1	1	0	0	28	2196	0	1	1	0
4035	1	1	1	0	0	28	2196	0	1	1	0
4036	1	1	1	0	0	28	2196	0	1	1	0
4037	1	1	1	0	0	28	2196	0	1	1	0
4038	1	1	1	0	0	28	2196	0	1	1	0
4039	1	1	1	0	0	28	2196	0	1	1	0
4040	1	1	1	0	0	28	2196	0	1	1	0
4041	1	1	1	0	0	28	2196	0	1	1	0
4042	1	1	1	0	0	28	2196	0	1	1	0
4043	1	1	1	0	0	28	2196	0	1	1	0
4044	1	1	1	0	0	28	2196	0	1	1	0
4045	1	1	1	0	0	28	2196	0	1	1	0
4046	1	1	1	0	0	28	2196	0	1	1	0
4047	1	1	1	0	0	28	2196	0	1	1	0
4048	1	1	1	0	0	28	2196	0	1	1	0
4049	1	1	1	0	0	28	2196	0	1	1	0
4050	1	1	1	0	0	28	2196	0	1	1	0
4051	1	1	1	0	0	28	2196	0	1	1	0
4052	1	1	1	0	0	28	2196	0	1	1	0
4053	1	1	1	0	0	28	2196	0	1	1	0
4054	1	1	1	0	0	28	2196	0	1	1	0
4055	1	1	1	0	0	28	2196	0	1	1	0
4056	1	1	1	0	0	28	2196	0	1	1	0
4057	1	1	1	0	0	28	2196	0	1	1	0
4058	1	1	1	0	0	28	2196	0	1	1	0
4059	1	1	1	0	0	28	2196	0	1	1	0
4063	1	1	1	0	0	28	2196	0	1	1	0
4073	1	1	1	0	0	28	2196	0	1	1	0
4079	1	1	1	0	0	28	2196	0	1	1	0
4080	1	1	1	0	0	28	2196	0	1	1	0
4082	1	1	1	0	0	28	2196	0	1	1	0
4084	1	1	1	0	0	28	2196	0	1	1	0
4086	1	1	1	0	0	28	2196	0	1	1	0
4087	1	1	1	0	0	28	2196	0	1	1	0
4088	1	1	1	0	0	28	2196	0	1	1	0
4089	1	1	1	0	0	28	2196	0	1	1	0
4090	1	1	1	0	0	28	2196	0	1	1	0
4091	1	1	1	0	0	28	2196	0	1	1	0
4092	1	1	1	0	0	28	2196	0	1	1	0
4093	1	1	1	0	0	28	2196	0	1	1	0
4094	1	1	1	0	0	28	2196	0	1	1	0
4095	1	1	1	0	0	28	2196	0	1	1	0
4096	1	1	1	0	0	28	2196	0	1	1	0
4097	1	1	1	0	0	28	2196	0	1	1	0
4098	1	1	1	0	0	28	2196	0	1	1	0
4099	1	1	1	0	0	28	2196	0	1	1	0
4100	1	1	1	0	0	28	2196	0	1	1	0
4101	1	1	1	0	0	28	2196	0	1	1	0
4102	1	1	1	0	0	28	2196	0	1	1	0
4103	1	1	1	0	0	28	2196	0	1	1	0
4104	1	1	1	0	0	28	2196	0	1	1	0
4105	1	1	1	0	0	28	2196	0	1	1	0
4107	1	1	1	0	0	28	2196	0	1	1	0
4108	1	1	1	0	0	28	2196	0	1	1	0
4109	1	1	1	0	0	28	2196	0	1	1	0
4110	1	1	1	0	0	28	2196	0	1	1	0
4111	1	1	1	0	0	28	2196	0	1	1	0
4113	1	1	1	0	0	28	2196	0	1	1	0
4114	1	1	1	0	0	28	2196	0	1	1	0
4118	1	1	1	0	0	28	2196	0	1	1	0
4120	1	1	1	0	0	28	2196	0	1	1	0
4121	1	1	1	0	0	28	2196	0	1	1	0
4148	1	1	1	0	0	28	2196	0	1	1	0
4151	1	1	1	0	0	28	2196	0	1	1	0
4154	1	1	1	0	0	28	2196	0	1	1	0
4156	1	1	1	0	0	28	2196	0	1	1	0
4158	1	1	1	0	0	28	2196	0	1	1	0
4161	1	1	1	0	0	28	2196	0	1	1	0
4162	1	1	1	0	0	28	2196	0	1	1	0
4163	1	1	1	0	0	28	2196	0	1	1	0
4164	1	1	1	0	0	28	2196	0	1	1	0
4165	1	1	1	0	0	28	2196	0	1	1	0
4166	1	1	1	0	0	28	2196	0	1	1	0
4167	1	1	1	0	0	28	2196	0	1	1	0
4168	1	1	1	0	0	28	2196	0	1	1	0
4169	1	1	1	0	0	28	2196	0	1	1	0
4171	1	1	1	0	0	28	2196	0	1	1	0
4172	1	1	1	0	0	28	2196	0	1	1	0
4173	1	1	1	0	0	28	2196	0	1	1	0
4174	1	1	1	0	0	28	2196	0	1	1	0
4175	1	1	1	0	0	28	2196	0	1	1	0
4176	1	1	1	0	0	28	2196	0	1	1	0
4177	1	1	1	0	0	28	2196	0	1	1	0
4178	1	1	1	0	0	28	2196	0	1	1	0
4179	1	1	1	0	0	28	2196	0	1	1	0
4180	1	1	1	0	0	28	2196	0	1	1	0
4181	1	1	1	0	0	28	2196	0	1	1	0
4182	1	1	1	0	0	28	2196	0	1	1	0
4183	1	1	1	0	0	28	2196	0	1	1	0
4185	1	1	1	0	0	28	2196	0	1	1	0
4199	1	1	1	0	0	28	2196	0	1	1	0
4248	1	1	1	0	0	28	2196	0	1	1	0
4251	1	1	1	0	0	28	2196	0	1	1	0
4252	1	1	1	0	0	28	2196	0	1	1	0
4254	1	1	1	0	0	28	2196	0	1	1	0
4258	1	1	1	0	0	28	2196	0	1	1	0
4259	1	1	1	0	0	28	2196	0	1	1	0
4263	1	1	1	0	0	28	2196	0	1	1	0
4264	1	1	1	0	0	28	2196	0	1	1	0
4265	1	1	1	0	0	28	2196	0	1	1	0
4267	1	1	1	0	0	28	2196	0	1	1	0
4270	1	1	1	0	0	28	2196	0	1	1	0
4272	1	1	1	0	0	28	2196	0	1	1	0
4273	1	1	1	0	0	28	2196	0	1	1	0
4274	1	1	1	0	0	28	2196	0	1	1	0
4276	1	1	1	0	0	28	2196	0	1	1	0
4277	1	1	1	0	0	28	2196	0	1	1	0
4280	1	1	1	0	0	28	2196	0	1	1	0
4300	1	1	1	0	0	28	2196	0	1	1	0
4320	1	1	1	0	0	28	2196	0	1	1	0
4346	1	1	1	0	0	28	2196	0	1	1	0
4353	1	1	1	0	0	28	2196	0	1	1	0
4408	1	1	1	0	0	28	2196	0	1	1	0
4410	1	1	1	0	0	28	2196	0	1	1	0
4411	1	1	1	0	0	28	2196	0	1	1	0
4418	1	1	1	0	0	28	2196	0	1	1	0
4419	1	1	1	0	0	28	2196	0	1	1	0
4424	1	1	1	0	0	28	2196	0	1	1	0
4425	1	1	1	0	0	28	2196	0	1	1	0
4426	1	1	1	0	0	28	2196	0	1	1	0
4427	1	1	1	0	0	28	2196	0	1	1	0
4428	1	1	1	0	0	28	2196	0	1	1	0
4429	1	1	1	0	0	28	2196	0	1	1	0
4431	1	1	1	0	0	28	2196	0	1	1	0
4432	1	1	1	0	0	28	2196	0	1	1	0
4433	1	1	1	0	0	28	2196	0	1	1	0
4434	1	1	1	0	0	28	2196	0	1	1	0
4435	1	1	1	0	0	28	2196	0	1	1	0
4436	1	1	1	0	0	28	2196	0	1	1	0
4437	1	1	1	0	0	28	2196	0	1	1	0
4438	1	1	1	0	0	28	2196	0	1	1	0
4439	1	1	1	0	0	28	2196	0	1	1	0
4440	1	1	1	0	0	28	2196	0	1	1	0
4441	1	1	1	0	0	28	2196	0	1	1	0
4442	1	1	1	0	0	28	2196	0	1	1	0
4443	1	1	1	0	0	28	2196	0	1	1	0
4444	1	1	1	0	0	28	2196	0	1	1	0
4445	1	1	1	0	0	28	2196	0	1	1	0
4446	1	1	1	0	0	28	2196	0	1	1	0
4447	1	1	1	0	0	28	2196	0	1	1	0
4448	1	1	1	0	0	28	2196	0	1	1	0
4449	1	1	1	0	0	28	2196	0	1	1	0
4450	1	1	1	0	0	28	2196	0	1	1	0
4451	1	1	1	0	0	28	2196	0	1	1	0
4452	1	1	1	0	0	28	2196	0	1	1	0
4453	1	1	1	0	0	28	2196	0	1	1	0
4454	1	1	1	0	0	28	2196	0	1	1	0
4457	1	1	1	0	0	28	2196	0	1	1	0
4458	1	1	1	0	0	28	2196	0	1	1	0
4461	1	1	1	0	0	28	2196	0	1	1	0
4462	1	1	1	0	0	28	2196	0	1	1	0
4467	1	1	1	0	0	28	2196	0	1	1	0
4474	1	1	1	0	0	28	2196	0	1	1	0
4477	1	1	1	0	0	28	2196	0	1	1	0
4480	1	1	1	0	0	28	2196	0	1	1	0
4481	1	1	1	0	0	28	2196	0	1	1	0
4482	1	1	1	0	0	28	2196	0	1	1	0
4489	1	1	1	0	0	28	2196	0	1	1	0
4490	1	1	1	0	0	28	2196	0	1	1	0
4495	1	1	1	0	0	28	2196	0	1	1	0
4496	1	1	1	0	0	28	2196	0	1	1	0
4497	1	1	1	0	0	28	2196	0	1	1	0
4498	1	1	1	0	0	28	2196	0	1	1	0
4499	1	1	1	0	0	28	2196	0	1	1	0
4529	1	1	1	0	0	28	2196	0	1	1	0
4537	1	1	1	0	0	28	2196	0	1	1	0
4562	1	1	1	0	0	28	2196	0	1	1	0
4563	1	1	1	0	0	28	2196	0	1	1	0
4568	1	1	1	0	0	28	2196	0	1	1	0
4594	1	1	1	0	0	28	2196	0	1	1	0
4600	1	1	1	0	0	28	2196	0	1	1	0
4647	1	1	1	0	0	28	2196	0	1	1	0
4962	3	1	1	0	0	28	2196	0	1	1	0
4982	3	1	1	0	0	28	2196	0	1	1	0
4997	3	1	1	0	0	28	2196	0	1	1	0
5017	3	1	1	0	0	28	2196	0	1	1	0
5032	3	1	1	0	0	28	2196	0	1	1	0
5052	3	1	1	0	0	28	2196	0	1	1	0
5053	3	1	1	0	0	28	2196	0	1	1	0
5068	3	1	1	0	0	28	2196	0	1	1	0
5088	3	1	1	0	0	28	2196	0	1	1	0
5089	3	1	1	0	0	28	2196	0	1	1	0
5124	3	1	1	0	0	28	2196	0	1	1	0
5145	3	1	1	0	0	28	2196	0	1	1	0
5146	3	1	1	0	0	28	2196	0	1	1	0
5159	3	1	1	0	0	28	2196	0	1	1	0
5180	3	1	1	0	0	28	2196	0	1	1	0
5181	3	1	1	0	0	28	2196	0	1	1	0
5182	3	1	1	0	0	28	2196	0	1	1	0
5196	3	1	1	0	0	28	2196	0	1	1	0
5217	3	1	1	0	0	28	2196	0	1	1	0
5260	3	1	1	0	0	28	2196	0	1	1	0
5284	3	1	1	0	0	28	2196	0	1	1	0
5285	3	1	1	0	0	28	2196	0	1	1	0
5298	3	1	1	0	0	28	2196	0	1	1	0
5315	3	1	1	0	0	28	2196	0	1	1	0
5316	3	1	1	0	0	28	2196	0	1	1	0
5330	3	1	1	0	0	28	2196	0	1	1	0
5350	3	1	1	0	0	28	2196	0	1	1	0
5351	3	1	1	0	0	28	2196	0	1	1	0
5365	3	1	1	0	0	28	2196	0	1	1	0
5385	3	1	1	0	0	28	2196	0	1	1	0
5386	3	1	1	0	0	28	2196	0	1	1	0
5400	3	1	1	0	0	28	2196	0	1	1	0
5420	3	1	1	0	0	28	2196	0	1	1	0
5421	3	1	1	0	0	28	2196	0	1	1	0
5435	3	1	1	0	0	28	2196	0	1	1	0
5455	3	1	1	0	0	28	2196	0	1	1	0
5456	3	1	1	0	0	28	2196	0	1	1	0
5470	3	1	1	0	0	28	2196	0	1	1	0
5490	3	1	1	0	0	28	2196	0	1	1	0
5491	3	1	1	0	0	28	2196	0	1	1	0
5505	3	1	1	0	0	28	2196	0	1	1	0
5525	3	1	1	0	0	28	2196	0	1	1	0
5526	3	1	1	0	0	28	2196	0	1	1	0
5605	3	1	1	0	0	28	2196	0	1	1	0
5621	3	1	1	0	0	28	2196	0	1	1	0
5628	3	1	1	0	0	28	2196	0	1	1	0
5643	3	1	1	0	0	28	2196	0	1	1	0
5663	3	1	1	0	0	28	2196	0	1	1	0
5664	3	1	1	0	0	28	2196	0	1	1	0
5678	3	1	1	0	0	28	2196	0	1	1	0
5698	3	1	1	0	0	28	2196	0	1	1	0
5699	3	1	1	0	0	28	2196	0	1	1	0
5713	3	1	1	0	0	28	2196	0	1	1	0
5733	3	1	1	0	0	28	2196	0	1	1	0
5734	3	1	1	0	0	28	2196	0	1	1	0
5748	3	1	1	0	0	28	2196	0	1	1	0
5768	3	1	1	0	0	28	2196	0	1	1	0
5769	3	1	1	0	0	28	2196	0	1	1	0
5783	3	1	1	0	0	28	2196	0	1	1	0
5803	3	1	1	0	0	28	2196	0	1	1	0
5804	3	1	1	0	0	28	2196	0	1	1	0
5838	3	1	1	0	0	28	2196	0	1	1	0
5839	3	1	1	0	0	28	2196	0	1	1	0
5846	3	1	1	0	0	28	2196	0	1	1	0
5873	3	1	1	0	0	28	2196	0	1	1	0
5874	3	1	1	0	0	28	2196	0	1	1	0
5875	3	1	1	0	0	28	2196	0	1	1	0
5889	3	1	1	0	0	28	2196	0	1	1	0
5909	3	1	1	0	0	28	2196	0	1	1	0
5910	3	1	1	0	0	28	2196	0	1	1	0
5924	3	1	1	0	0	28	2196	0	1	1	0
5944	3	1	1	0	0	28	2196	0	1	1	0
5959	3	1	1	0	0	28	2196	0	1	1	0
5965	3	1	1	0	0	28	2196	0	1	1	0
5979	3	1	1	0	0	28	2196	0	1	1	0
5980	3	1	1	0	0	28	2196	0	1	1	0
6000	3	1	1	0	0	28	2196	0	1	1	0
6001	3	1	1	0	0	28	2196	0	1	1	0
6014	3	1	1	0	0	28	2196	0	1	1	0
6034	3	1	1	0	0	28	2196	0	1	1	0
6035	3	1	1	0	0	28	2196	0	1	1	0
6036	3	1	1	0	0	28	2196	0	1	1	0
6049	3	1	1	0	0	28	2196	0	1	1	0
6052	3	1	1	0	0	28	2196	0	1	1	0
6067	3	1	1	0	0	28	2196	0	1	1	0
6069	3	1	1	0	0	28	2196	0	1	1	0
6104	3	1	1	0	0	28	2196	0	1	1	0
6144	3	1	1	0	0	28	2196	0	1	1	0
6159	3	1	1	0	0	28	2196	0	1	1	0
6179	3	1	1	0	0	28	2196	0	1	1	0
6180	3	1	1	0	0	28	2196	0	1	1	0
6181	3	1	1	0	0	28	2196	0	1	1	0
6195	3	1	1	0	0	28	2196	0	1	1	0
6201	3	1	1	0	0	28	2196	0	1	1	0
6208	3	1	1	0	0	28	2196	0	1	1	0
6215	3	1	1	0	0	28	2196	0	1	1	0
6216	3	1	1	0	0	28	2196	0	1	1	0
6236	3	1	1	0	0	28	2196	0	1	1	0
6237	3	1	1	0	0	28	2196	0	1	1	0
6238	3	1	1	0	0	28	2196	0	1	1	0
6243	3	1	1	0	0	28	2196	0	1	1	0
6250	3	1	1	0	0	28	2196	0	1	1	0
6263	3	1	1	0	0	28	2196	0	1	1	0
6264	3	1	1	0	0	28	2196	0	1	1	0
6270	3	1	1	0	0	28	2196	0	1	1	0
6271	3	1	1	0	0	28	2196	0	1	1	0
6278	3	1	1	0	0	28	2196	0	1	1	0
6291	3	1	1	0	0	28	2196	0	1	1	0
6292	3	1	1	0	0	28	2196	0	1	1	0
6298	3	1	1	0	0	28	2196	0	1	1	0
6299	3	1	1	0	0	28	2196	0	1	1	0
6306	3	1	1	0	0	28	2196	0	1	1	0
6319	3	1	1	0	0	28	2196	0	1	1	0
6327	3	1	1	0	0	28	2196	0	1	1	0
6328	3	1	1	0	0	28	2196	0	1	1	0
6350	3	1	1	0	0	28	2196	0	1	1	0
6353	3	1	1	0	0	28	2196	0	1	1	0
6354	3	1	1	0	0	28	2196	0	1	1	0
6367	3	1	1	0	0	28	2196	0	1	1	0
6385	3	1	1	0	0	28	2196	0	1	1	0
6386	3	1	1	0	0	28	2196	0	1	1	0
6387	3	1	1	0	0	28	2196	0	1	1	0
6400	3	1	1	0	0	28	2196	0	1	1	0
6420	3	1	1	0	0	28	2196	0	1	1	0
6421	3	1	1	0	0	28	2196	0	1	1	0
6422	3	1	1	0	0	28	2196	0	1	1	0
6435	3	1	1	0	0	28	2196	0	1	1	0
6455	3	1	1	0	0	28	2196	0	1	1	0
6456	3	1	1	0	0	28	2196	0	1	1	0
6457	3	1	1	0	0	28	2196	0	1	1	0
6471	3	1	1	0	0	28	2196	0	1	1	0
6478	3	1	1	0	0	28	2196	0	1	1	0
6493	3	1	1	0	0	28	2196	0	1	1	0
6512	3	1	1	0	0	28	2196	0	1	1	0
6515	3	1	1	0	0	28	2196	0	1	1	0
6516	3	1	1	0	0	28	2196	0	1	1	0
6518	3	1	1	0	0	28	2196	0	1	1	0
6531	3	1	1	0	0	28	2196	0	1	1	0
6547	3	1	1	0	0	28	2196	0	1	1	0
6548	3	1	1	0	0	28	2196	0	1	1	0
6549	3	1	1	0	0	28	2196	0	1	1	0
6550	3	1	1	0	0	28	2196	0	1	1	0
6562	3	1	1	0	0	28	2196	0	1	1	0
6605	3	1	1	0	0	28	2196	0	1	1	0
6606	3	1	1	0	0	28	2196	0	1	1	0
6607	3	1	1	0	0	28	2196	0	1	1	0
6608	3	1	1	0	0	28	2196	0	1	1	0
6621	3	1	1	0	0	28	2196	0	1	1	0
6640	3	1	1	0	0	28	2196	0	1	1	0
6641	3	1	1	0	0	28	2196	0	1	1	0
6642	3	1	1	0	0	28	2196	0	1	1	0
6643	3	1	1	0	0	28	2196	0	1	1	0
6655	3	1	1	0	0	28	2196	0	1	1	0
6675	3	1	1	0	0	28	2196	0	1	1	0
6676	3	1	1	0	0	28	2196	0	1	1	0
6677	3	1	1	0	0	28	2196	0	1	1	0
6678	3	1	1	0	0	28	2196	0	1	1	0
6679	3	1	1	0	0	28	2196	0	1	1	0
6690	3	1	1	0	0	28	2196	0	1	1	0
6710	3	1	1	0	0	28	2196	0	1	1	0
6711	3	1	1	0	0	28	2196	0	1	1	0
6712	3	1	1	0	0	28	2196	0	1	1	0
6713	3	1	1	0	0	28	2196	0	1	1	0
6714	3	1	1	0	0	28	2196	0	1	1	0
6725	3	1	1	0	0	28	2196	0	1	1	0
6745	3	1	1	0	0	28	2196	0	1	1	0
6746	3	1	1	0	0	28	2196	0	1	1	0
6747	3	1	1	0	0	28	2196	0	1	1	0
6748	3	1	1	0	0	28	2196	0	1	1	0
6749	3	1	1	0	0	28	2196	0	1	1	0
6760	3	1	1	0	0	28	2196	0	1	1	0
6804	3	1	1	0	0	28	2196	0	1	1	0
6805	3	1	1	0	0	28	2196	0	1	1	0
6806	3	1	1	0	0	28	2196	0	1	1	0
6831	3	1	1	0	0	28	2196	0	1	1	0
6847	3	1	1	0	0	28	2196	0	1	1	0
6859	3	1	1	0	0	28	2196	0	1	1	0
6866	3	1	1	0	0	28	2196	0	1	1	0
6867	3	1	1	0	0	28	2196	0	1	1	0
6868	3	1	1	0	0	28	2196	0	1	1	0
6869	3	1	1	0	0	28	2196	0	1	1	0
6874	3	1	1	0	0	28	2196	0	1	1	0
6889	3	1	1	0	0	28	2196	0	1	1	0
6926	3	1	1	0	0	28	2196	0	1	1	0
6927	3	1	1	0	0	28	2196	0	1	1	0
6941	3	1	1	0	0	28	2196	0	1	1	0
6961	3	1	1	0	0	28	2196	0	1	1	0
6962	3	1	1	0	0	28	2196	0	1	1	0
6963	3	1	1	0	0	28	2196	0	1	1	0
6965	3	1	1	0	0	28	2196	0	1	1	0
6966	3	1	1	0	0	28	2196	0	1	1	0
6976	3	1	1	0	0	28	2196	0	1	1	0
6989	3	1	1	0	0	28	2196	0	1	1	0
7002	3	1	1	0	0	28	2196	0	1	1	0
7025	3	1	1	0	0	28	2196	0	1	1	0
7028	3	1	1	0	0	28	2196	0	1	1	0
7029	3	1	1	0	0	28	2196	0	1	1	0
7044	3	1	1	0	0	28	2196	0	1	1	0
7045	3	1	1	0	0	28	2196	0	1	1	0
7047	3	1	1	0	0	28	2196	0	1	1	0
7059	3	1	1	0	0	28	2196	0	1	1	0
7067	3	1	1	0	0	28	2196	0	1	1	0
7072	3	1	1	0	0	28	2196	0	1	1	0
7079	3	1	1	0	0	28	2196	0	1	1	0
7085	3	1	1	0	0	28	2196	0	1	1	0
7086	3	1	1	0	0	28	2196	0	1	1	0
7087	3	1	1	0	0	28	2196	0	1	1	0
7095	3	1	1	0	0	28	2196	0	1	1	0
7112	3	1	1	0	0	28	2196	0	1	1	0
7136	3	1	1	0	0	28	2196	0	1	1	0
7137	3	1	1	0	0	28	2196	0	1	1	0
7138	3	1	1	0	0	28	2196	0	1	1	0
7139	3	1	1	0	0	28	2196	0	1	1	0
7140	3	1	1	0	0	28	2196	0	1	1	0
7141	3	1	1	0	0	28	2196	0	1	1	0
7143	3	1	1	0	0	28	2196	0	1	1	0
7151	3	1	1	0	0	28	2196	0	1	1	0
7171	3	1	1	0	0	28	2196	0	1	1	0
7172	3	1	1	0	0	28	2196	0	1	1	0
7173	3	1	1	0	0	28	2196	0	1	1	0
7174	3	1	1	0	0	28	2196	0	1	1	0
7175	3	1	1	0	0	28	2196	0	1	1	0
7176	3	1	1	0	0	28	2196	0	1	1	0
7186	3	1	1	0	0	28	2196	0	1	1	0
7209	3	1	1	0	0	28	2196	0	1	1	0
7262	3	1	1	0	0	28	2196	0	1	1	0
7277	3	1	1	0	0	28	2196	0	1	1	0
7298	3	1	1	0	0	28	2196	0	1	1	0
7299	3	1	1	0	0	28	2196	0	1	1	0
7315	3	1	1	0	0	28	2196	0	1	1	0
7335	3	1	1	0	0	28	2196	0	1	1	0
7336	3	1	1	0	0	28	2196	0	1	1	0
7337	3	1	1	0	0	28	2196	0	1	1	0
7340	3	1	1	0	0	28	2196	0	1	1	0
7341	3	1	1	0	0	28	2196	0	1	1	0
7342	3	1	1	0	0	28	2196	0	1	1	0
7343	3	1	1	0	0	28	2196	0	1	1	0
7350	3	1	1	0	0	28	2196	0	1	1	0
7370	3	1	1	0	0	28	2196	0	1	1	0
7371	3	1	1	0	0	28	2196	0	1	1	0
7372	3	1	1	0	0	28	2196	0	1	1	0
7373	3	1	1	0	0	28	2196	0	1	1	0
7374	3	1	1	0	0	28	2196	0	1	1	0
7375	3	1	1	0	0	28	2196	0	1	1	0
7405	3	1	1	0	0	28	2196	0	1	1	0
7406	3	1	1	0	0	28	2196	0	1	1	0
7407	3	1	1	0	0	28	2196	0	1	1	0
7408	3	1	1	0	0	28	2196	0	1	1	0
7409	3	1	1	0	0	28	2196	0	1	1	0
7410	3	1	1	0	0	28	2196	0	1	1	0
7411	3	1	1	0	0	28	2196	0	1	1	0
7424	3	1	1	0	0	28	2196	0	1	1	0
7431	3	1	1	0	0	28	2196	0	1	1	0
7432	3	1	1	0	0	28	2196	0	1	1	0
7437	3	1	1	0	0	28	2196	0	1	1	0
7438	3	1	1	0	0	28	2196	0	1	1	0
7439	3	1	1	0	0	28	2196	0	1	1	0
7440	3	1	1	0	0	28	2196	0	1	1	0
7441	3	1	1	0	0	28	2196	0	1	1	0
7442	3	1	1	0	0	28	2196	0	1	1	0
7443	3	1	1	0	0	28	2196	0	1	1	0
7444	3	1	1	0	0	28	2196	0	1	1	0
7445	3	1	1	0	0	28	2196	0	1	1	0
7446	3	1	1	0	0	28	2196	0	1	1	0
7459	3	1	1	0	0	28	2196	0	1	1	0
7466	3	1	1	0	0	28	2196	0	1	1	0
7471	3	1	1	0	0	28	2196	0	1	1	0
7478	3	1	1	0	0	28	2196	0	1	1	0
7508	3	1	1	0	0	28	2196	0	1	1	0
7509	3	1	1	0	0	28	2196	0	1	1	0
7510	3	1	1	0	0	28	2196	0	1	1	0
7511	3	1	1	0	0	28	2196	0	1	1	0
7512	3	1	1	0	0	28	2196	0	1	1	0
7513	3	1	1	0	0	28	2196	0	1	1	0
7514	3	1	1	0	0	28	2196	0	1	1	0
7515	3	1	1	0	0	28	2196	0	1	1	0
7516	3	1	1	0	0	28	2196	0	1	1	0
7517	3	1	1	0	0	28	2196	0	1	1	0
7518	3	1	1	0	0	28	2196	0	1	1	0
7519	3	1	1	0	0	28	2196	0	1	1	0
7520	3	1	1	0	0	28	2196	0	1	1	0
7533	3	1	1	0	0	28	2196	0	1	1	0
7558	3	1	1	0	0	28	2196	0	1	1	0
7583	3	1	1	0	0	28	2196	0	1	1	0
7610	3	1	1	0	0	28	2196	0	1	1	0
7611	3	1	1	0	0	28	2196	0	1	1	0
7612	3	1	1	0	0	28	2196	0	1	1	0
7613	3	1	1	0	0	28	2196	0	1	1	0
7615	3	1	1	0	0	28	2196	0	1	1	0
7617	3	1	1	0	0	28	2196	0	1	1	0
7618	3	1	1	0	0	28	2196	0	1	1	0
7619	3	1	1	0	0	28	2196	0	1	1	0
7632	3	1	1	0	0	28	2196	0	1	1	0
7639	3	1	1	0	0	28	2196	0	1	1	0
7640	3	1	1	0	0	28	2196	0	1	1	0
7650	3	1	1	0	0	28	2196	0	1	1	0
8646	4	1	1	0	0	28	2196	0	1	1	0
8861	4	1	1	0	0	28	2196	0	1	1	0
8881	4	1	1	0	0	28	2196	0	1	1	0
8916	4	1	1	0	0	28	2196	0	1	1	0
8936	4	1	1	0	0	28	2196	0	1	1	0
8956	4	1	1	0	0	28	2196	0	1	1	0
8971	4	1	1	0	0	28	2196	0	1	1	0
9031	4	1	1	0	0	28	2196	0	1	1	0
9051	4	1	1	0	0	28	2196	0	1	1	0
9108	4	1	1	0	0	28	2196	0	1	1	0
9109	4	1	1	0	0	28	2196	0	1	1	0
9115	4	1	1	0	0	28	2196	0	1	1	0
9125	4	1	1	0	0	28	2196	0	1	1	0
9144	4	1	1	0	0	28	2196	0	1	1	0
9145	4	1	1	0	0	28	2196	0	1	1	0
9146	4	1	1	0	0	28	2196	0	1	1	0
9159	4	1	1	0	0	28	2196	0	1	1	0
9223	4	1	1	0	0	28	2196	0	1	1	0
9247	4	1	1	0	0	28	2196	0	1	1	0
9271	4	1	1	0	0	28	2196	0	1	1	0
9343	4	1	1	0	0	28	2196	0	1	1	0
9368	4	1	1	0	0	28	2196	0	1	1	0
9391	4	1	1	0	0	28	2196	0	1	1	0
9393	4	1	1	0	0	28	2196	0	1	1	0
9395	4	1	1	0	0	28	2196	0	1	1	0
9403	4	1	1	0	0	28	2196	0	1	1	0
9423	4	1	1	0	0	28	2196	0	1	1	0
9424	4	1	1	0	0	28	2196	0	1	1	0
9425	4	1	1	0	0	28	2196	0	1	1	0
9426	4	1	1	0	0	28	2196	0	1	1	0
10498	5	1	1	0	0	28	2196	0	1	1	0
10518	5	1	1	0	0	28	2196	0	1	1	0
10773	5	1	1	0	0	28	2196	0	1	1	0
10813	5	1	1	0	0	28	2196	0	1	1	0
10828	5	1	1	0	0	28	2196	0	1	1	0
10848	5	1	1	0	0	28	2196	0	1	1	0
10863	5	1	1	0	0	28	2196	0	1	1	0
10883	5	1	1	0	0	28	2196	0	1	1	0
10898	5	1	1	0	0	28	2196	0	1	1	0
10918	5	1	1	0	0	28	2196	0	1	1	0
10919	5	1	1	0	0	28	2196	0	1	1	0
10933	5	1	1	0	0	28	2196	0	1	1	0
10953	5	1	1	0	0	28	2196	0	1	1	0
10954	5	1	1	0	0	28	2196	0	1	1	0
10968	5	1	1	0	0	28	2196	0	1	1	0
10988	5	1	1	0	0	28	2196	0	1	1	0
10989	5	1	1	0	0	28	2196	0	1	1	0
11025	5	1	1	0	0	28	2196	0	1	1	0
11092	5	1	1	0	0	28	2196	0	1	1	0
11117	5	1	1	0	0	28	2196	0	1	1	0
11132	5	1	1	0	0	28	2196	0	1	1	0
11187	5	1	1	0	0	28	2196	0	1	1	0
11207	5	1	1	0	0	28	2196	0	1	1	0
11208	5	1	1	0	0	28	2196	0	1	1	0
11229	5	1	1	0	0	28	2196	0	1	1	0
11242	5	1	1	0	0	28	2196	0	1	1	0
11243	5	1	1	0	0	28	2196	0	1	1	0
11294	5	1	1	0	0	28	2196	0	1	1	0
11295	5	1	1	0	0	28	2196	0	1	1	0
11296	5	1	1	0	0	28	2196	0	1	1	0
11297	5	1	1	0	0	28	2196	0	1	1	0
11310	5	1	1	0	0	28	2196	0	1	1	0
11329	5	1	1	0	0	28	2196	0	1	1	0
11331	5	1	1	0	0	28	2196	0	1	1	0
11344	5	1	1	0	0	28	2196	0	1	1	0
11351	5	1	1	0	0	28	2196	0	1	1	0
11352	5	1	1	0	0	28	2196	0	1	1	0
11364	5	1	1	0	0	28	2196	0	1	1	0
11386	5	1	1	0	0	28	2196	0	1	1	0
11408	5	1	1	0	0	28	2196	0	1	1	0
11409	5	1	1	0	0	28	2196	0	1	1	0
11423	5	1	1	0	0	28	2196	0	1	1	0
11444	5	1	1	0	0	28	2196	0	1	1	0
11446	5	1	1	0	0	28	2196	0	1	1	0
11464	6	1	1	0	0	28	2196	0	1	1	0
11485	6	1	1	0	0	28	2196	0	1	1	0
11487	6	1	1	0	0	28	2196	0	1	1	0
11500	6	1	1	0	0	28	2196	0	1	1	0
11521	6	1	1	0	0	28	2196	0	1	1	0
11564	6	1	1	0	0	28	2196	0	1	1	0
11565	6	1	1	0	0	28	2196	0	1	1	0
11579	6	1	1	0	0	28	2196	0	1	1	0
11599	6	1	1	0	0	28	2196	0	1	1	0
11614	6	1	1	0	0	28	2196	0	1	1	0
11634	6	1	1	0	0	28	2196	0	1	1	0
11635	6	1	1	0	0	28	2196	0	1	1	0
11649	6	1	1	0	0	28	2196	0	1	1	0
11669	6	1	1	0	0	28	2196	0	1	1	0
11684	6	1	1	0	0	28	2196	0	1	1	0
11824	6	1	1	0	0	28	2196	0	1	1	0
11844	6	1	1	0	0	28	2196	0	1	1	0
11884	6	1	1	0	0	28	2196	0	1	1	0
11899	6	1	1	0	0	28	2196	0	1	1	0
11919	6	1	1	0	0	28	2196	0	1	1	0
11934	6	1	1	0	0	28	2196	0	1	1	0
11954	6	1	1	0	0	28	2196	0	1	1	0
11969	6	1	1	0	0	28	2196	0	1	1	0
11989	6	1	1	0	0	28	2196	0	1	1	0
12024	6	1	1	0	0	28	2196	0	1	1	0
12025	6	1	1	0	0	28	2196	0	1	1	0
12040	6	1	1	0	0	28	2196	0	1	1	0
12060	6	1	1	0	0	28	2196	0	1	1	0
12075	6	1	1	0	0	28	2196	0	1	1	0
12095	6	1	1	0	0	28	2196	0	1	1	0
12096	6	1	1	0	0	28	2196	0	1	1	0
12110	6	1	1	0	0	28	2196	0	1	1	0
12130	6	1	1	0	0	28	2196	0	1	1	0
12131	6	1	1	0	0	28	2196	0	1	1	0
12166	6	1	1	0	0	28	2196	0	1	1	0
12167	6	1	1	0	0	28	2196	0	1	1	0
12187	6	1	1	0	0	28	2196	0	1	1	0
12188	6	1	1	0	0	28	2196	0	1	1	0
12203	6	1	1	0	0	28	2196	0	1	1	0
12244	6	1	1	0	0	28	2196	0	1	1	0
12245	6	1	1	0	0	28	2196	0	1	1	0
12259	6	1	1	0	0	28	2196	0	1	1	0
12280	6	1	1	0	0	28	2196	0	1	1	0
12301	6	1	1	0	0	28	2196	0	1	1	0
12323	6	1	1	0	0	28	2196	0	1	1	0
12344	6	1	1	0	0	28	2196	0	1	1	0
12392	6	1	1	0	0	28	2196	0	1	1	0
12418	6	1	1	0	0	28	2196	0	1	1	0
12419	6	1	1	0	0	28	2196	0	1	1	0
12420	6	1	1	0	0	28	2196	0	1	1	0
12455	6	1	1	0	0	28	2196	0	1	1	0
12475	6	1	1	0	0	28	2196	0	1	1	0
12476	6	1	1	0	0	28	2196	0	1	1	0
12490	6	1	1	0	0	28	2196	0	1	1	0
12510	6	1	1	0	0	28	2196	0	1	1	0
12511	6	1	1	0	0	28	2196	0	1	1	0
12545	6	1	1	0	0	28	2196	0	1	1	0
12560	6	1	1	0	0	28	2196	0	1	1	0
12566	6	1	1	0	0	28	2196	0	1	1	0
12580	6	1	1	0	0	28	2196	0	1	1	0
12644	6	1	1	0	0	28	2196	0	1	1	0
13600	7	1	1	0	0	28	2196	0	1	1	0
13620	7	1	1	0	0	28	2196	0	1	1	0
13700	7	1	1	0	0	28	2196	0	1	1	0
13800	7	1	1	0	0	28	2196	0	1	1	0
13815	7	1	1	0	0	28	2196	0	1	1	0
13915	7	1	1	0	0	28	2196	0	1	1	0
13935	7	1	1	0	0	28	2196	0	1	1	0
13970	7	1	1	0	0	28	2196	0	1	1	0
13971	7	1	1	0	0	28	2196	0	1	1	0
13986	7	1	1	0	0	28	2196	0	1	1	0
14026	7	1	1	0	0	28	2196	0	1	1	0
14046	7	1	1	0	0	28	2196	0	1	1	0
14261	8	1	1	0	0	28	2196	0	1	1	0
14262	8	1	1	0	0	28	2196	0	1	1	0
14263	8	1	1	0	0	28	2196	0	1	1	0
14277	8	1	1	0	0	28	2196	0	1	1	0
14297	8	1	1	0	0	28	2196	0	1	1	0
14298	8	1	1	0	0	28	2196	0	1	1	0
14312	8	1	1	0	0	28	2196	0	1	1	0
14332	8	1	1	0	0	28	2196	0	1	1	0
14333	8	1	1	0	0	28	2196	0	1	1	0
14347	8	1	1	0	0	28	2196	0	1	1	0
14367	8	1	1	0	0	28	2196	0	1	1	0
14368	8	1	1	0	0	28	2196	0	1	1	0
14382	8	1	1	0	0	28	2196	0	1	1	0
14402	8	1	1	0	0	28	2196	0	1	1	0
14403	8	1	1	0	0	28	2196	0	1	1	0
14417	8	1	1	0	0	28	2196	0	1	1	0
14437	8	1	1	0	0	28	2196	0	1	1	0
14438	8	1	1	0	0	28	2196	0	1	1	0
14452	8	1	1	0	0	28	2196	0	1	1	0
14472	8	1	1	0	0	28	2196	0	1	1	0
14473	8	1	1	0	0	28	2196	0	1	1	0
14487	8	1	1	0	0	28	2196	0	1	1	0
14528	8	1	1	0	0	28	2196	0	1	1	0
14543	8	1	1	0	0	28	2196	0	1	1	0
14549	8	1	1	0	0	28	2196	0	1	1	0
14563	8	1	1	0	0	28	2196	0	1	1	0
14571	8	1	1	0	0	28	2196	0	1	1	0
14583	8	1	1	0	0	28	2196	0	1	1	0
14591	8	1	1	0	0	28	2196	0	1	1	0
14592	8	1	1	0	0	28	2196	0	1	1	0
14611	8	1	1	0	0	28	2196	0	1	1	0
14626	8	1	1	0	0	28	2196	0	1	1	0
14631	8	1	1	0	0	28	2196	0	1	1	0
14632	8	1	1	0	0	28	2196	0	1	1	0
14646	8	1	1	0	0	28	2196	0	1	1	0
14647	8	1	1	0	0	28	2196	0	1	1	0
14666	8	1	1	0	0	28	2196	0	1	1	0
14667	8	1	1	0	0	28	2196	0	1	1	0
14681	8	1	1	0	0	28	2196	0	1	1	0
14701	8	1	1	0	0	28	2196	0	1	1	0
14702	8	1	1	0	0	28	2196	0	1	1	0
14703	8	1	1	0	0	28	2196	0	1	1	0
14716	8	1	1	0	0	28	2196	0	1	1	0
14736	8	1	1	0	0	28	2196	0	1	1	0
14737	8	1	1	0	0	28	2196	0	1	1	0
14738	8	1	1	0	0	28	2196	0	1	1	0
14751	8	1	1	0	0	28	2196	0	1	1	0
14771	8	1	1	0	0	28	2196	0	1	1	0
14772	8	1	1	0	0	28	2196	0	1	1	0
14773	8	1	1	0	0	28	2196	0	1	1	0
14786	8	1	1	0	0	28	2196	0	1	1	0
14806	8	1	1	0	0	28	2196	0	1	1	0
14828	8	1	1	0	0	28	2196	0	1	1	0
14830	8	1	1	0	0	28	2196	0	1	1	0
14841	8	1	1	0	0	28	2196	0	1	1	0
14850	8	1	1	0	0	28	2196	0	1	1	0
14851	8	1	1	0	0	28	2196	0	1	1	0
14861	8	1	1	0	0	28	2196	0	1	1	0
14862	8	1	1	0	0	28	2196	0	1	1	0
14867	8	1	1	0	0	28	2196	0	1	1	0
14880	8	1	1	0	0	28	2196	0	1	1	0
14885	8	1	1	0	0	28	2196	0	1	1	0
14886	8	1	1	0	0	28	2196	0	1	1	0
14897	8	1	1	0	0	28	2196	0	1	1	0
14898	8	1	1	0	0	28	2196	0	1	1	0
14900	8	1	1	0	0	28	2196	0	1	1	0
14918	8	1	1	0	0	28	2196	0	1	1	0
14919	8	1	1	0	0	28	2196	0	1	1	0
14923	8	1	1	0	0	28	2196	0	1	1	0
14925	8	1	1	0	0	28	2196	0	1	1	0
14933	8	1	1	0	0	28	2196	0	1	1	0
14953	8	1	1	0	0	28	2196	0	1	1	0
14954	8	1	1	0	0	28	2196	0	1	1	0
14955	8	1	1	0	0	28	2196	0	1	1	0
14968	8	1	1	0	0	28	2196	0	1	1	0
14988	8	1	1	0	0	28	2196	0	1	1	0
14989	8	1	1	0	0	28	2196	0	1	1	0
14990	8	1	1	0	0	28	2196	0	1	1	0
15003	8	1	1	0	0	28	2196	0	1	1	0
15023	8	1	1	0	0	28	2196	0	1	1	0
15024	8	1	1	0	0	28	2196	0	1	1	0
15025	8	1	1	0	0	28	2196	0	1	1	0
15038	8	1	1	0	0	28	2196	0	1	1	0
15058	8	1	1	0	0	28	2196	0	1	1	0
15059	8	1	1	0	0	28	2196	0	1	1	0
15060	8	1	1	0	0	28	2196	0	1	1	0
15061	8	1	1	0	0	28	2196	0	1	1	0
15073	8	1	1	0	0	28	2196	0	1	1	0
15094	8	1	1	0	0	28	2196	0	1	1	0
15095	8	1	1	0	0	28	2196	0	1	1	0
15096	8	1	1	0	0	28	2196	0	1	1	0
15116	8	1	1	0	0	28	2196	0	1	1	0
15117	8	1	1	0	0	28	2196	0	1	1	0
15118	8	1	1	0	0	28	2196	0	1	1	0
15119	8	1	1	0	0	28	2196	0	1	1	0
15132	8	1	1	0	0	28	2196	0	1	1	0
15151	8	1	1	0	0	28	2196	0	1	1	0
15152	8	1	1	0	0	28	2196	0	1	1	0
15153	8	1	1	0	0	28	2196	0	1	1	0
15154	8	1	1	0	0	28	2196	0	1	1	0
15166	8	1	1	0	0	28	2196	0	1	1	0
15186	8	1	1	0	0	28	2196	0	1	1	0
15187	8	1	1	0	0	28	2196	0	1	1	0
15188	8	1	1	0	0	28	2196	0	1	1	0
15189	8	1	1	0	0	28	2196	0	1	1	0
15201	8	1	1	0	0	28	2196	0	1	1	0
15221	8	1	1	0	0	28	2196	0	1	1	0
15222	8	1	1	0	0	28	2196	0	1	1	0
15223	8	1	1	0	0	28	2196	0	1	1	0
15224	8	1	1	0	0	28	2196	0	1	1	0
15238	8	1	1	0	0	28	2196	0	1	1	0
15259	8	1	1	0	0	28	2196	0	1	1	0
15281	8	1	1	0	0	28	2196	0	1	1	0
15284	8	1	1	0	0	28	2196	0	1	1	0
15329	8	1	1	0	0	28	2196	0	1	1	0
15336	8	1	1	0	0	28	2196	0	1	1	0
15356	8	1	1	0	0	28	2196	0	1	1	0
15357	8	1	1	0	0	28	2196	0	1	1	0
15364	8	1	1	0	0	28	2196	0	1	1	0
15376	8	1	1	0	0	28	2196	0	1	1	0
15377	8	1	1	0	0	28	2196	0	1	1	0
15384	8	1	1	0	0	28	2196	0	1	1	0
15385	8	1	1	0	0	28	2196	0	1	1	0
15386	8	1	1	0	0	28	2196	0	1	1	0
15391	8	1	1	0	0	28	2196	0	1	1	0
15392	8	1	1	0	0	28	2196	0	1	1	0
15393	8	1	1	0	0	28	2196	0	1	1	0
15406	8	1	1	0	0	28	2196	0	1	1	0
15412	8	1	1	0	0	28	2196	0	1	1	0
15413	8	1	1	0	0	28	2196	0	1	1	0
15419	8	1	1	0	0	28	2196	0	1	1	0
15420	8	1	1	0	0	28	2196	0	1	1	0
15421	8	1	1	0	0	28	2196	0	1	1	0
15427	8	1	1	0	0	28	2196	0	1	1	0
15437	8	1	1	0	0	28	2196	0	1	1	0
15441	8	1	1	0	0	28	2196	0	1	1	0
15444	8	1	1	0	0	28	2196	0	1	1	0
15447	8	1	1	0	0	28	2196	0	1	1	0
15448	8	1	1	0	0	28	2196	0	1	1	0
15449	8	1	1	0	0	28	2196	0	1	1	0
15454	8	1	1	0	0	28	2196	0	1	1	0
15456	8	1	1	0	0	28	2196	0	1	1	0
15466	8	1	1	0	0	28	2196	0	1	1	0
15474	8	1	1	0	0	28	2196	0	1	1	0
15475	8	1	1	0	0	28	2196	0	1	1	0
15476	8	1	1	0	0	28	2196	0	1	1	0
15477	8	1	1	0	0	28	2196	0	1	1	0
15478	8	1	1	0	0	28	2196	0	1	1	0
15479	8	1	1	0	0	28	2196	0	1	1	0
15481	8	1	1	0	0	28	2196	0	1	1	0
15489	8	1	1	0	0	28	2196	0	1	1	0
15509	8	1	1	0	0	28	2196	0	1	1	0
15510	8	1	1	0	0	28	2196	0	1	1	0
15511	8	1	1	0	0	28	2196	0	1	1	0
15512	8	1	1	0	0	28	2196	0	1	1	0
15513	8	1	1	0	0	28	2196	0	1	1	0
15524	8	1	1	0	0	28	2196	0	1	1	0
15544	8	1	1	0	0	28	2196	0	1	1	0
15545	8	1	1	0	0	28	2196	0	1	1	0
15546	8	1	1	0	0	28	2196	0	1	1	0
15548	8	1	1	0	0	28	2196	0	1	1	0
15571	8	1	1	0	0	28	2196	0	1	1	0
15572	8	1	1	0	0	28	2196	0	1	1	0
15579	8	1	1	0	0	28	2196	0	1	1	0
15580	8	1	1	0	0	28	2196	0	1	1	0
15585	8	1	1	0	0	28	2196	0	1	1	0
15586	8	1	1	0	0	28	2196	0	1	1	0
15587	8	1	1	0	0	28	2196	0	1	1	0
15600	8	1	1	0	0	28	2196	0	1	1	0
15606	8	1	1	0	0	28	2196	0	1	1	0
15607	8	1	1	0	0	28	2196	0	1	1	0
15608	8	1	1	0	0	28	2196	0	1	1	0
15614	8	1	1	0	0	28	2196	0	1	1	0
15615	8	1	1	0	0	28	2196	0	1	1	0
15616	8	1	1	0	0	28	2196	0	1	1	0
15621	8	1	1	0	0	28	2196	0	1	1	0
15631	8	1	1	0	0	28	2196	0	1	1	0
15637	8	1	1	0	0	28	2196	0	1	1	0
15638	8	1	1	0	0	28	2196	0	1	1	0
15640	8	1	1	0	0	28	2196	0	1	1	0
15641	8	1	1	0	0	28	2196	0	1	1	0
15642	8	1	1	0	0	28	2196	0	1	1	0
15644	8	1	1	0	0	28	2196	0	1	1	0
15645	8	1	1	0	0	28	2196	0	1	1	0
15646	8	1	1	0	0	28	2196	0	1	1	0
15649	8	1	1	0	0	28	2196	0	1	1	0
15652	8	1	1	0	0	28	2196	0	1	1	0
15662	8	1	1	0	0	28	2196	0	1	1	0
15669	8	1	1	0	0	28	2196	0	1	1	0
15671	8	1	1	0	0	28	2196	0	1	1	0
15676	8	1	1	0	0	28	2196	0	1	1	0
15677	8	1	1	0	0	28	2196	0	1	1	0
15678	8	1	1	0	0	28	2196	0	1	1	0
15699	8	1	1	0	0	28	2196	0	1	1	0
15703	8	1	1	0	0	28	2196	0	1	1	0
15704	8	1	1	0	0	28	2196	0	1	1	0
15705	8	1	1	0	0	28	2196	0	1	1	0
15706	8	1	1	0	0	28	2196	0	1	1	0
15707	8	1	1	0	0	28	2196	0	1	1	0
15714	8	1	1	0	0	28	2196	0	1	1	0
15727	8	1	1	0	0	28	2196	0	1	1	0
15734	8	1	1	0	0	28	2196	0	1	1	0
15735	8	1	1	0	0	28	2196	0	1	1	0
15736	8	1	1	0	0	28	2196	0	1	1	0
15737	8	1	1	0	0	28	2196	0	1	1	0
15738	8	1	1	0	0	28	2196	0	1	1	0
15742	8	1	1	0	0	28	2196	0	1	1	0
15755	8	1	1	0	0	28	2196	0	1	1	0
15758	8	1	1	0	0	28	2196	0	1	1	0
15759	8	1	1	0	0	28	2196	0	1	1	0
15760	8	1	1	0	0	28	2196	0	1	1	0
15761	8	1	1	0	0	28	2196	0	1	1	0
15762	8	1	1	0	0	28	2196	0	1	1	0
15763	8	1	1	0	0	28	2196	0	1	1	0
15769	8	1	1	0	0	28	2196	0	1	1	0
15770	8	1	1	0	0	28	2196	0	1	1	0
15771	8	1	1	0	0	28	2196	0	1	1	0
15772	8	1	1	0	0	28	2196	0	1	1	0
15776	8	1	1	0	0	28	2196	0	1	1	0
15777	8	1	1	0	0	28	2196	0	1	1	0
15790	8	1	1	0	0	28	2196	0	1	1	0
15793	8	1	1	0	0	28	2196	0	1	1	0
15794	8	1	1	0	0	28	2196	0	1	1	0
15797	8	1	1	0	0	28	2196	0	1	1	0
15798	8	1	1	0	0	28	2196	0	1	1	0
15799	8	1	1	0	0	28	2196	0	1	1	0
15805	8	1	1	0	0	28	2196	0	1	1	0
15806	8	1	1	0	0	28	2196	0	1	1	0
15807	8	1	1	0	0	28	2196	0	1	1	0
15812	8	1	1	0	0	28	2196	0	1	1	0
15825	8	1	1	0	0	28	2196	0	1	1	0
15828	8	1	1	0	0	28	2196	0	1	1	0
15829	8	1	1	0	0	28	2196	0	1	1	0
15830	8	1	1	0	0	28	2196	0	1	1	0
15831	8	1	1	0	0	28	2196	0	1	1	0
15833	8	1	1	0	0	28	2196	0	1	1	0
15834	8	1	1	0	0	28	2196	0	1	1	0
15835	8	1	1	0	0	28	2196	0	1	1	0
15841	8	1	1	0	0	28	2196	0	1	1	0
15843	8	1	1	0	0	28	2196	0	1	1	0
15861	8	1	1	0	0	28	2196	0	1	1	0
15862	8	1	1	0	0	28	2196	0	1	1	0
15863	8	1	1	0	0	28	2196	0	1	1	0
15864	8	1	1	0	0	28	2196	0	1	1	0
15865	8	1	1	0	0	28	2196	0	1	1	0
15866	8	1	1	0	0	28	2196	0	1	1	0
15867	8	1	1	0	0	28	2196	0	1	1	0
15869	8	1	1	0	0	28	2196	0	1	1	0
15876	8	1	1	0	0	28	2196	0	1	1	0
15890	8	1	1	0	0	28	2196	0	1	1	0
15896	8	1	1	0	0	28	2196	0	1	1	0
15897	8	1	1	0	0	28	2196	0	1	1	0
15898	8	1	1	0	0	28	2196	0	1	1	0
15899	8	1	1	0	0	28	2196	0	1	1	0
15900	8	1	1	0	0	28	2196	0	1	1	0
15901	8	1	1	0	0	28	2196	0	1	1	0
15904	8	1	1	0	0	28	2196	0	1	1	0
15914	8	1	1	0	0	28	2196	0	1	1	0
15921	8	1	1	0	0	28	2196	0	1	1	0
15922	8	1	1	0	0	28	2196	0	1	1	0
15923	8	1	1	0	0	28	2196	0	1	1	0
15927	8	1	1	0	0	28	2196	0	1	1	0
15928	8	1	1	0	0	28	2196	0	1	1	0
15929	8	1	1	0	0	28	2196	0	1	1	0
15930	8	1	1	0	0	28	2196	0	1	1	0
15931	8	1	1	0	0	28	2196	0	1	1	0
15932	8	1	1	0	0	28	2196	0	1	1	0
15933	8	1	1	0	0	28	2196	0	1	1	0
15934	8	1	1	0	0	28	2196	0	1	1	0
15947	8	1	1	0	0	28	2196	0	1	1	0
15954	8	1	1	0	0	28	2196	0	1	1	0
15955	8	1	1	0	0	28	2196	0	1	1	0
15960	8	1	1	0	0	28	2196	0	1	1	0
15961	8	1	1	0	0	28	2196	0	1	1	0
15962	8	1	1	0	0	28	2196	0	1	1	0
15963	8	1	1	0	0	28	2196	0	1	1	0
15964	8	1	1	0	0	28	2196	0	1	1	0
15965	8	1	1	0	0	28	2196	0	1	1	0
15966	8	1	1	0	0	28	2196	0	1	1	0
15967	8	1	1	0	0	28	2196	0	1	1	0
15968	8	1	1	0	0	28	2196	0	1	1	0
15969	8	1	1	0	0	28	2196	0	1	1	0
15970	8	1	1	0	0	28	2196	0	1	1	0
16007	8	1	1	0	0	28	2196	0	1	1	0
16049	8	1	1	0	0	28	2196	0	1	1	0
16050	8	1	1	0	0	28	2196	0	1	1	0
16051	8	1	1	0	0	28	2196	0	1	1	0
16056	8	1	1	0	0	28	2196	0	1	1	0
16057	8	1	1	0	0	28	2196	0	1	1	0
16058	8	1	1	0	0	28	2196	0	1	1	0
16064	8	1	1	0	0	28	2196	0	1	1	0
16074	8	1	1	0	0	28	2196	0	1	1	0
16078	8	1	1	0	0	28	2196	0	1	1	0
16081	8	1	1	0	0	28	2196	0	1	1	0
16084	8	1	1	0	0	28	2196	0	1	1	0
16085	8	1	1	0	0	28	2196	0	1	1	0
16086	8	1	1	0	0	28	2196	0	1	1	0
16087	8	1	1	0	0	28	2196	0	1	1	0
16088	8	1	1	0	0	28	2196	0	1	1	0
16089	8	1	1	0	0	28	2196	0	1	1	0
16093	8	1	1	0	0	28	2196	0	1	1	0
16103	8	1	1	0	0	28	2196	0	1	1	0
16109	8	1	1	0	0	28	2196	0	1	1	0
16110	8	1	1	0	0	28	2196	0	1	1	0
16112	8	1	1	0	0	28	2196	0	1	1	0
16114	8	1	1	0	0	28	2196	0	1	1	0
16116	8	1	1	0	0	28	2196	0	1	1	0
16117	8	1	1	0	0	28	2196	0	1	1	0
16118	8	1	1	0	0	28	2196	0	1	1	0
16119	8	1	1	0	0	28	2196	0	1	1	0
16120	8	1	1	0	0	28	2196	0	1	1	0
16121	8	1	1	0	0	28	2196	0	1	1	0
16122	8	1	1	0	0	28	2196	0	1	1	0
16124	8	1	1	0	0	28	2196	0	1	1	0
16135	8	1	1	0	0	28	2196	0	1	1	0
16142	8	1	1	0	0	28	2196	0	1	1	0
16143	8	1	1	0	0	28	2196	0	1	1	0
16144	8	1	1	0	0	28	2196	0	1	1	0
16152	8	1	1	0	0	28	2196	0	1	1	0
16159	8	1	1	0	0	28	2196	0	1	1	0
16181	8	1	1	0	0	28	2196	0	1	1	0
16185	8	1	1	0	0	28	2196	0	1	1	0
16186	8	1	1	0	0	28	2196	0	1	1	0
16187	8	1	1	0	0	28	2196	0	1	1	0
16188	8	1	1	0	0	28	2196	0	1	1	0
16189	8	1	1	0	0	28	2196	0	1	1	0
16190	8	1	1	0	0	28	2196	0	1	1	0
16191	8	1	1	0	0	28	2196	0	1	1	0
16192	8	1	1	0	0	28	2196	0	1	1	0
16193	8	1	1	0	0	28	2196	0	1	1	0
16206	8	1	1	0	0	28	2196	0	1	1	0
16207	8	1	1	0	0	28	2196	0	1	1	0
16222	8	1	1	0	0	28	2196	0	1	1	0
16223	8	1	1	0	0	28	2196	0	1	1	0
16224	8	1	1	0	0	28	2196	0	1	1	0
16225	8	1	1	0	0	28	2196	0	1	1	0
16226	8	1	1	0	0	28	2196	0	1	1	0
16227	8	1	1	0	0	28	2196	0	1	1	0
16228	8	1	1	0	0	28	2196	0	1	1	0
16238	8	1	1	0	0	28	2196	0	1	1	0
16258	8	1	1	0	0	28	2196	0	1	1	0
16259	8	1	1	0	0	28	2196	0	1	1	0
16261	8	1	1	0	0	28	2196	0	1	1	0
16262	8	1	1	0	0	28	2196	0	1	1	0
16263	8	1	1	0	0	28	2196	0	1	1	0
16264	8	1	1	0	0	28	2196	0	1	1	0
16268	8	1	1	0	0	28	2196	0	1	1	0
16284	8	1	1	0	0	28	2196	0	1	1	0
16287	8	1	1	0	0	28	2196	0	1	1	0
16289	8	1	1	0	0	28	2196	0	1	1	0
16290	8	1	1	0	0	28	2196	0	1	1	0
16291	8	1	1	0	0	28	2196	0	1	1	0
16292	8	1	1	0	0	28	2196	0	1	1	0
16293	8	1	1	0	0	28	2196	0	1	1	0
16294	8	1	1	0	0	28	2196	0	1	1	0
16299	8	1	1	0	0	28	2196	0	1	1	0
16319	8	1	1	0	0	28	2196	0	1	1	0
16320	8	1	1	0	0	28	2196	0	1	1	0
16321	8	1	1	0	0	28	2196	0	1	1	0
16322	8	1	1	0	0	28	2196	0	1	1	0
16323	8	1	1	0	0	28	2196	0	1	1	0
16324	8	1	1	0	0	28	2196	0	1	1	0
16325	8	1	1	0	0	28	2196	0	1	1	0
16334	8	1	1	0	0	28	2196	0	1	1	0
16354	8	1	1	0	0	28	2196	0	1	1	0
16355	8	1	1	0	0	28	2196	0	1	1	0
16356	8	1	1	0	0	28	2196	0	1	1	0
16357	8	1	1	0	0	28	2196	0	1	1	0
16358	8	1	1	0	0	28	2196	0	1	1	0
16359	8	1	1	0	0	28	2196	0	1	1	0
16360	8	1	1	0	0	28	2196	0	1	1	0
16369	8	1	1	0	0	28	2196	0	1	1	0
16370	8	1	1	0	0	28	2196	0	1	1	0
16389	8	1	1	0	0	28	2196	0	1	1	0
16394	8	1	1	0	0	28	2196	0	1	1	0
16416	8	1	1	0	0	28	2196	0	1	1	0
16424	8	1	1	0	0	28	2196	0	1	1	0
16432	8	1	1	0	0	28	2196	0	1	1	0
16452	8	1	1	0	0	28	2196	0	1	1	0
16475	8	1	1	0	0	28	2196	0	1	1	0
16507	8	1	1	0	0	28	2196	0	1	1	0
16511	8	1	1	0	0	28	2196	0	1	1	0
16512	8	1	1	0	0	28	2196	0	1	1	0
16514	8	1	1	0	0	28	2196	0	1	1	0
16515	8	1	1	0	0	28	2196	0	1	1	0
16516	8	1	1	0	0	28	2196	0	1	1	0
16517	8	1	1	0	0	28	2196	0	1	1	0
16518	8	1	1	0	0	28	2196	0	1	1	0
16519	8	1	1	0	0	28	2196	0	1	1	0
16520	8	1	1	0	0	28	2196	0	1	1	0
16533	8	1	1	0	0	28	2196	0	1	1	0
16534	8	1	1	0	0	28	2196	0	1	1	0
16535	8	1	1	0	0	28	2196	0	1	1	0
16549	8	1	1	0	0	28	2196	0	1	1	0
16569	8	1	1	0	0	28	2196	0	1	1	0
16570	8	1	1	0	0	28	2196	0	1	1	0
16590	8	1	1	0	0	28	2196	0	1	1	0
16598	8	1	1	0	0	28	2196	0	1	1	0
16605	8	1	1	0	0	28	2196	0	1	1	0
16607	8	1	1	0	0	28	2196	0	1	1	0
16623	8	1	1	0	0	28	2196	0	1	1	0
16624	8	1	1	0	0	28	2196	0	1	1	0
16625	8	1	1	0	0	28	2196	0	1	1	0
16626	8	1	1	0	0	28	2196	0	1	1	0
16627	8	1	1	0	0	28	2196	0	1	1	0
16640	8	1	1	0	0	28	2196	0	1	1	0
16659	8	1	1	0	0	28	2196	0	1	1	0
16660	8	1	1	0	0	28	2196	0	1	1	0
16661	8	1	1	0	0	28	2196	0	1	1	0
16662	8	1	1	0	0	28	2196	0	1	1	0
16665	8	1	1	0	0	28	2196	0	1	1	0
16726	8	1	1	0	0	28	2196	0	1	1	0
16751	8	1	1	0	0	28	2196	0	1	1	0
16752	8	1	1	0	0	28	2196	0	1	1	0
16754	8	1	1	0	0	28	2196	0	1	1	0
16756	8	1	1	0	0	28	2196	0	1	1	0
16779	8	1	1	0	0	28	2196	0	1	1	0
16785	8	1	1	0	0	28	2196	0	1	1	0
16808	8	1	1	0	0	28	2196	0	1	1	0
17031	8	1	1	0	0	28	2196	0	1	1	0
17051	8	1	1	0	0	28	2196	0	1	1	0
17052	8	1	1	0	0	28	2196	0	1	1	0
17053	8	1	1	0	0	28	2196	0	1	1	0
17054	8	1	1	0	0	28	2196	0	1	1	0
17055	8	1	1	0	0	28	2196	0	1	1	0
18211	9	1	1	0	0	28	2196	0	1	1	0
18246	9	1	1	0	0	28	2196	0	1	1	0
18267	9	1	1	0	0	28	2196	0	1	1	0
18287	9	1	1	0	0	28	2196	0	1	1	0
18307	9	1	1	0	0	28	2196	0	1	1	0
18309	9	1	1	0	0	28	2196	0	1	1	0
18329	9	1	1	0	0	28	2196	0	1	1	0
18344	9	1	1	0	0	28	2196	0	1	1	0
18364	9	1	1	0	0	28	2196	0	1	1	0
18379	9	1	1	0	0	28	2196	0	1	1	0
18399	9	1	1	0	0	28	2196	0	1	1	0
18400	9	1	1	0	0	28	2196	0	1	1	0
18414	9	1	1	0	0	28	2196	0	1	1	0
18434	9	1	1	0	0	28	2196	0	1	1	0
18435	9	1	1	0	0	28	2196	0	1	1	0
18436	9	1	1	0	0	28	2196	0	1	1	0
18449	9	1	1	0	0	28	2196	0	1	1	0
18469	10	1	1	0	0	28	2196	0	1	1	0
18470	10	1	1	0	0	28	2196	0	1	1	0
18471	10	1	1	0	0	28	2196	0	1	1	0
18472	10	1	1	0	0	28	2196	0	1	1	0
18484	10	1	1	0	0	28	2196	0	1	1	0
18504	10	1	1	0	0	28	2196	0	1	1	0
18505	10	1	1	0	0	28	2196	0	1	1	0
18506	10	1	1	0	0	28	2196	0	1	1	0
18507	10	1	1	0	0	28	2196	0	1	1	0
18508	10	1	1	0	0	28	2196	0	1	1	0
18514	10	1	1	0	0	28	2196	0	1	1	0
18524	10	1	1	0	0	28	2196	0	1	1	0
18527	10	1	1	0	0	28	2196	0	1	1	0
18535	10	1	1	0	0	28	2196	0	1	1	0
18536	10	1	1	0	0	28	2196	0	1	1	0
18540	10	1	1	0	0	28	2196	0	1	1	0
18542	10	1	1	0	0	28	2196	0	1	1	0
18553	10	1	1	0	0	28	2196	0	1	1	0
18560	10	1	1	0	0	28	2196	0	1	1	0
18561	10	1	1	0	0	28	2196	0	1	1	0
18562	10	1	1	0	0	28	2196	0	1	1	0
18563	10	1	1	0	0	28	2196	0	1	1	0
18567	10	1	1	0	0	28	2196	0	1	1	0
18570	10	1	1	0	0	28	2196	0	1	1	0
18571	10	1	1	0	0	28	2196	0	1	1	0
18575	10	1	1	0	0	28	2196	0	1	1	0
18585	10	1	1	0	0	28	2196	0	1	1	0
18595	10	1	1	0	0	28	2196	0	1	1	0
18596	10	1	1	0	0	28	2196	0	1	1	0
18598	10	1	1	0	0	28	2196	0	1	1	0
18602	10	1	1	0	0	28	2196	0	1	1	0
18603	10	1	1	0	0	28	2196	0	1	1	0
18610	10	1	1	0	0	28	2196	0	1	1	0
18622	10	1	1	0	0	28	2196	0	1	1	0
18623	10	1	1	0	0	28	2196	0	1	1	0
18630	10	1	1	0	0	28	2196	0	1	1	0
18631	10	1	1	0	0	28	2196	0	1	1	0
18632	10	1	1	0	0	28	2196	0	1	1	0
18633	10	1	1	0	0	28	2196	0	1	1	0
18638	10	1	1	0	0	28	2196	0	1	1	0
18648	10	1	1	0	0	28	2196	0	1	1	0
18653	10	1	1	0	0	28	2196	0	1	1	0
18655	10	1	1	0	0	28	2196	0	1	1	0
18657	10	1	1	0	0	28	2196	0	1	1	0
18658	10	1	1	0	0	28	2196	0	1	1	0
18659	10	1	1	0	0	28	2196	0	1	1	0
18665	10	1	1	0	0	28	2196	0	1	1	0
18666	10	1	1	0	0	28	2196	0	1	1	0
18667	10	1	1	0	0	28	2196	0	1	1	0
18672	10	1	1	0	0	28	2196	0	1	1	0
18685	10	1	1	0	0	28	2196	0	1	1	0
18688	10	1	1	0	0	28	2196	0	1	1	0
18689	10	1	1	0	0	28	2196	0	1	1	0
18693	10	1	1	0	0	28	2196	0	1	1	0
18694	10	1	1	0	0	28	2196	0	1	1	0
18695	10	1	1	0	0	28	2196	0	1	1	0
18701	10	1	1	0	0	28	2196	0	1	1	0
18702	10	1	1	0	0	28	2196	0	1	1	0
18703	10	1	1	0	0	28	2196	0	1	1	0
18713	10	1	1	0	0	28	2196	0	1	1	0
18723	10	1	1	0	0	28	2196	0	1	1	0
18724	10	1	1	0	0	28	2196	0	1	1	0
18725	10	1	1	0	0	28	2196	0	1	1	0
18726	10	1	1	0	0	28	2196	0	1	1	0
18729	10	1	1	0	0	28	2196	0	1	1	0
18730	10	1	1	0	0	28	2196	0	1	1	0
18738	10	1	1	0	0	28	2196	0	1	1	0
18758	10	1	1	0	0	28	2196	0	1	1	0
18759	10	1	1	0	0	28	2196	0	1	1	0
18760	10	1	1	0	0	28	2196	0	1	1	0
18761	10	1	1	0	0	28	2196	0	1	1	0
18762	10	1	1	0	0	28	2196	0	1	1	0
18773	10	1	1	0	0	28	2196	0	1	1	0
18793	10	1	1	0	0	28	2196	0	1	1	0
18794	10	1	1	0	0	28	2196	0	1	1	0
18795	10	1	1	0	0	28	2196	0	1	1	0
18796	10	1	1	0	0	28	2196	0	1	1	0
18797	10	1	1	0	0	28	2196	0	1	1	0
18808	10	1	1	0	0	28	2196	0	1	1	0
18828	10	1	1	0	0	28	2196	0	1	1	0
18829	10	1	1	0	0	28	2196	0	1	1	0
18830	10	1	1	0	0	28	2196	0	1	1	0
18831	10	1	1	0	0	28	2196	0	1	1	0
18832	10	1	1	0	0	28	2196	0	1	1	0
18843	10	1	1	0	0	28	2196	0	1	1	0
18863	10	1	1	0	0	28	2196	0	1	1	0
18864	10	1	1	0	0	28	2196	0	1	1	0
18865	10	1	1	0	0	28	2196	0	1	1	0
18866	10	1	1	0	0	28	2196	0	1	1	0
18867	10	1	1	0	0	28	2196	0	1	1	0
18868	10	1	1	0	0	28	2196	0	1	1	0
18878	10	1	1	0	0	28	2196	0	1	1	0
18898	10	1	1	0	0	28	2196	0	1	1	0
18899	10	1	1	0	0	28	2196	0	1	1	0
18900	10	1	1	0	0	28	2196	0	1	1	0
18901	10	1	1	0	0	28	2196	0	1	1	0
18902	10	1	1	0	0	28	2196	0	1	1	0
18913	10	1	1	0	0	28	2196	0	1	1	0
18933	10	1	1	0	0	28	2196	0	1	1	0
18934	10	1	1	0	0	28	2196	0	1	1	0
18935	10	1	1	0	0	28	2196	0	1	1	0
18936	10	1	1	0	0	28	2196	0	1	1	0
18937	10	1	1	0	0	28	2196	0	1	1	0
18938	10	1	1	0	0	28	2196	0	1	1	0
18948	10	1	1	0	0	28	2196	0	1	1	0
18968	10	1	1	0	0	28	2196	0	1	1	0
18969	10	1	1	0	0	28	2196	0	1	1	0
18970	10	1	1	0	0	28	2196	0	1	1	0
18971	10	1	1	0	0	28	2196	0	1	1	0
18972	10	1	1	0	0	28	2196	0	1	1	0
18973	10	1	1	0	0	28	2196	0	1	1	0
18983	10	1	1	0	0	28	2196	0	1	1	0
19003	10	1	1	0	0	28	2196	0	1	1	0
19004	10	1	1	0	0	28	2196	0	1	1	0
19005	10	1	1	0	0	28	2196	0	1	1	0
19006	10	1	1	0	0	28	2196	0	1	1	0
19007	10	1	1	0	0	28	2196	0	1	1	0
19008	10	1	1	0	0	28	2196	0	1	1	0
19018	10	1	1	0	0	28	2196	0	1	1	0
19038	10	1	1	0	0	28	2196	0	1	1	0
19039	10	1	1	0	0	28	2196	0	1	1	0
19040	10	1	1	0	0	28	2196	0	1	1	0
19041	10	1	1	0	0	28	2196	0	1	1	0
19042	10	1	1	0	0	28	2196	0	1	1	0
19043	10	1	1	0	0	28	2196	0	1	1	0
19053	10	1	1	0	0	28	2196	0	1	1	0
19073	10	1	1	0	0	28	2196	0	1	1	0
19074	10	1	1	0	0	28	2196	0	1	1	0
19075	10	1	1	0	0	28	2196	0	1	1	0
19076	10	1	1	0	0	28	2196	0	1	1	0
19077	10	1	1	0	0	28	2196	0	1	1	0
19078	10	1	1	0	0	28	2196	0	1	1	0
19088	10	1	1	0	0	28	2196	0	1	1	0
19108	10	1	1	0	0	28	2196	0	1	1	0
19109	10	1	1	0	0	28	2196	0	1	1	0
19110	10	1	1	0	0	28	2196	0	1	1	0
19111	10	1	1	0	0	28	2196	0	1	1	0
19112	10	1	1	0	0	28	2196	0	1	1	0
19113	10	1	1	0	0	28	2196	0	1	1	0
19123	10	1	1	0	0	28	2196	0	1	1	0
19144	10	1	1	0	0	28	2196	0	1	1	0
19145	10	1	1	0	0	28	2196	0	1	1	0
19146	10	1	1	0	0	28	2196	0	1	1	0
19148	10	1	1	0	0	28	2196	0	1	1	0
19176	10	1	1	0	0	28	2196	0	1	1	0
19199	10	1	1	0	0	28	2196	0	1	1	0
19201	10	1	1	0	0	28	2196	0	1	1	0
19202	10	1	1	0	0	28	2196	0	1	1	0
19203	10	1	1	0	0	28	2196	0	1	1	0
19204	10	1	1	0	0	28	2196	0	1	1	0
19217	10	1	1	0	0	28	2196	0	1	1	0
19234	10	1	1	0	0	28	2196	0	1	1	0
19235	10	1	1	0	0	28	2196	0	1	1	0
19236	10	1	1	0	0	28	2196	0	1	1	0
19237	10	1	1	0	0	28	2196	0	1	1	0
19238	10	1	1	0	0	28	2196	0	1	1	0
19239	10	1	1	0	0	28	2196	0	1	1	0
19240	10	1	1	0	0	28	2196	0	1	1	0
19249	10	1	1	0	0	28	2196	0	1	1	0
19269	10	1	1	0	0	28	2196	0	1	1	0
19270	10	1	1	0	0	28	2196	0	1	1	0
19271	10	1	1	0	0	28	2196	0	1	1	0
19272	10	1	1	0	0	28	2196	0	1	1	0
19273	10	1	1	0	0	28	2196	0	1	1	0
19274	10	1	1	0	0	28	2196	0	1	1	0
19291	10	1	1	0	0	28	2196	0	1	1	0
19311	10	1	1	0	0	28	2196	0	1	1	0
19312	10	1	1	0	0	28	2196	0	1	1	0
19313	10	1	1	0	0	28	2196	0	1	1	0
19314	10	1	1	0	0	28	2196	0	1	1	0
19315	10	1	1	0	0	28	2196	0	1	1	0
19316	10	1	1	0	0	28	2196	0	1	1	0
19317	10	1	1	0	0	28	2196	0	1	1	0
19326	10	1	1	0	0	28	2196	0	1	1	0
19346	10	1	1	0	0	28	2196	0	1	1	0
19347	10	1	1	0	0	28	2196	0	1	1	0
19348	10	1	1	0	0	28	2196	0	1	1	0
19349	10	1	1	0	0	28	2196	0	1	1	0
19350	10	1	1	0	0	28	2196	0	1	1	0
19351	10	1	1	0	0	28	2196	0	1	1	0
19352	10	1	1	0	0	28	2196	0	1	1	0
19361	10	1	1	0	0	28	2196	0	1	1	0
19381	10	1	1	0	0	28	2196	0	1	1	0
19382	10	1	1	0	0	28	2196	0	1	1	0
19383	10	1	1	0	0	28	2196	0	1	1	0
19384	10	1	1	0	0	28	2196	0	1	1	0
19385	10	1	1	0	0	28	2196	0	1	1	0
19386	10	1	1	0	0	28	2196	0	1	1	0
19387	10	1	1	0	0	28	2196	0	1	1	0
19396	10	1	1	0	0	28	2196	0	1	1	0
19416	10	1	1	0	0	28	2196	0	1	1	0
19417	10	1	1	0	0	28	2196	0	1	1	0
19418	10	1	1	0	0	28	2196	0	1	1	0
19419	10	1	1	0	0	28	2196	0	1	1	0
19420	10	1	1	0	0	28	2196	0	1	1	0
19421	10	1	1	0	0	28	2196	0	1	1	0
19422	10	1	1	0	0	28	2196	0	1	1	0
19431	10	1	1	0	0	28	2196	0	1	1	0
19451	10	1	1	0	0	28	2196	0	1	1	0
19452	10	1	1	0	0	28	2196	0	1	1	0
19453	10	1	1	0	0	28	2196	0	1	1	0
19454	10	1	1	0	0	28	2196	0	1	1	0
19455	10	1	1	0	0	28	2196	0	1	1	0
19456	10	1	1	0	0	28	2196	0	1	1	0
19457	10	1	1	0	0	28	2196	0	1	1	0
19466	10	1	1	0	0	28	2196	0	1	1	0
19486	10	1	1	0	0	28	2196	0	1	1	0
19487	10	1	1	0	0	28	2196	0	1	1	0
19488	10	1	1	0	0	28	2196	0	1	1	0
19489	10	1	1	0	0	28	2196	0	1	1	0
19491	10	1	1	0	0	28	2196	0	1	1	0
19492	10	1	1	0	0	28	2196	0	1	1	0
19501	10	1	1	0	0	28	2196	0	1	1	0
19502	10	1	1	0	0	28	2196	0	1	1	0
19521	10	1	1	0	0	28	2196	0	1	1	0
19522	10	1	1	0	0	28	2196	0	1	1	0
19527	10	1	1	0	0	28	2196	0	1	1	0
19528	10	1	1	0	0	28	2196	0	1	1	0
19536	10	1	1	0	0	28	2196	0	1	1	0
19571	10	1	1	0	0	28	2196	0	1	1	0
19591	10	1	1	0	0	28	2196	0	1	1	0
19592	10	1	1	0	0	28	2196	0	1	1	0
19593	10	1	1	0	0	28	2196	0	1	1	0
19612	10	1	1	0	0	28	2196	0	1	1	0
19619	10	1	1	0	0	28	2196	0	1	1	0
19620	10	1	1	0	0	28	2196	0	1	1	0
19625	10	1	1	0	0	28	2196	0	1	1	0
19626	10	1	1	0	0	28	2196	0	1	1	0
19627	10	1	1	0	0	28	2196	0	1	1	0
19628	10	1	1	0	0	28	2196	0	1	1	0
19629	10	1	1	0	0	28	2196	0	1	1	0
19630	10	1	1	0	0	28	2196	0	1	1	0
19631	10	1	1	0	0	28	2196	0	1	1	0
19638	10	1	1	0	0	28	2196	0	1	1	0
19648	10	1	1	0	0	28	2196	0	1	1	0
19649	10	1	1	0	0	28	2196	0	1	1	0
19650	10	1	1	0	0	28	2196	0	1	1	0
19654	10	1	1	0	0	28	2196	0	1	1	0
19655	10	1	1	0	0	28	2196	0	1	1	0
19656	10	1	1	0	0	28	2196	0	1	1	0
19657	10	1	1	0	0	28	2196	0	1	1	0
19660	10	1	1	0	0	28	2196	0	1	1	0
19661	10	1	1	0	0	28	2196	0	1	1	0
19682	10	1	1	0	0	28	2196	0	1	1	0
19683	10	1	1	0	0	28	2196	0	1	1	0
19686	10	1	1	0	0	28	2196	0	1	1	0
19687	10	1	1	0	0	28	2196	0	1	1	0
19688	10	1	1	0	0	28	2196	0	1	1	0
19689	10	1	1	0	0	28	2196	0	1	1	0
19690	10	1	1	0	0	28	2196	0	1	1	0
19710	10	1	1	0	0	28	2196	0	1	1	0
19711	10	1	1	0	0	28	2196	0	1	1	0
19712	10	1	1	0	0	28	2196	0	1	1	0
19713	10	1	1	0	0	28	2196	0	1	1	0
19714	10	1	1	0	0	28	2196	0	1	1	0
19715	10	1	1	0	0	28	2196	0	1	1	0
19716	10	1	1	0	0	28	2196	0	1	1	0
19717	10	1	1	0	0	28	2196	0	1	1	0
19725	10	1	1	0	0	28	2196	0	1	1	0
19745	10	1	1	0	0	28	2196	0	1	1	0
19746	10	1	1	0	0	28	2196	0	1	1	0
19747	10	1	1	0	0	28	2196	0	1	1	0
19748	10	1	1	0	0	28	2196	0	1	1	0
19749	10	1	1	0	0	28	2196	0	1	1	0
19750	10	1	1	0	0	28	2196	0	1	1	0
19751	10	1	1	0	0	28	2196	0	1	1	0
19752	10	1	1	0	0	28	2196	0	1	1	0
19760	10	1	1	0	0	28	2196	0	1	1	0
19780	10	1	1	0	0	28	2196	0	1	1	0
19781	10	1	1	0	0	28	2196	0	1	1	0
19782	10	1	1	0	0	28	2196	0	1	1	0
19783	10	1	1	0	0	28	2196	0	1	1	0
19784	10	1	1	0	0	28	2196	0	1	1	0
19785	10	1	1	0	0	28	2196	0	1	1	0
19786	10	1	1	0	0	28	2196	0	1	1	0
19787	10	1	1	0	0	28	2196	0	1	1	0
19795	10	1	1	0	0	28	2196	0	1	1	0
19815	10	1	1	0	0	28	2196	0	1	1	0
19816	10	1	1	0	0	28	2196	0	1	1	0
19817	10	1	1	0	0	28	2196	0	1	1	0
19818	10	1	1	0	0	28	2196	0	1	1	0
19819	10	1	1	0	0	28	2196	0	1	1	0
19820	10	1	1	0	0	28	2196	0	1	1	0
19821	10	1	1	0	0	28	2196	0	1	1	0
19822	10	1	1	0	0	28	2196	0	1	1	0
19830	10	1	1	0	0	28	2196	0	1	1	0
19850	10	1	1	0	0	28	2196	0	1	1	0
19851	10	1	1	0	0	28	2196	0	1	1	0
19852	10	1	1	0	0	28	2196	0	1	1	0
19853	10	1	1	0	0	28	2196	0	1	1	0
19854	10	1	1	0	0	28	2196	0	1	1	0
19855	10	1	1	0	0	28	2196	0	1	1	0
19856	10	1	1	0	0	28	2196	0	1	1	0
19857	10	1	1	0	0	28	2196	0	1	1	0
19865	10	1	1	0	0	28	2196	0	1	1	0
19885	10	1	1	0	0	28	2196	0	1	1	0
19886	10	1	1	0	0	28	2196	0	1	1	0
19887	10	1	1	0	0	28	2196	0	1	1	0
19888	10	1	1	0	0	28	2196	0	1	1	0
19889	10	1	1	0	0	28	2196	0	1	1	0
19890	10	1	1	0	0	28	2196	0	1	1	0
19891	10	1	1	0	0	28	2196	0	1	1	0
19892	10	1	1	0	0	28	2196	0	1	1	0
19893	10	1	1	0	0	28	2196	0	1	1	0
19900	10	1	1	0	0	28	2196	0	1	1	0
19913	10	1	1	0	0	28	2196	0	1	1	0
19914	10	1	1	0	0	28	2196	0	1	1	0
19920	10	1	1	0	0	28	2196	0	1	1	0
19921	10	1	1	0	0	28	2196	0	1	1	0
19922	10	1	1	0	0	28	2196	0	1	1	0
19923	10	1	1	0	0	28	2196	0	1	1	0
19924	10	1	1	0	0	28	2196	0	1	1	0
19925	10	1	1	0	0	28	2196	0	1	1	0
19926	10	1	1	0	0	28	2196	0	1	1	0
19927	10	1	1	0	0	28	2196	0	1	1	0
19928	10	1	1	0	0	28	2196	0	1	1	0
19929	10	1	1	0	0	28	2196	0	1	1	0
19942	10	1	1	0	0	28	2196	0	1	1	0
19948	10	1	1	0	0	28	2196	0	1	1	0
19949	10	1	1	0	0	28	2196	0	1	1	0
19950	10	1	1	0	0	28	2196	0	1	1	0
19955	10	1	1	0	0	28	2196	0	1	1	0
19956	10	1	1	0	0	28	2196	0	1	1	0
19957	10	1	1	0	0	28	2196	0	1	1	0
19958	10	1	1	0	0	28	2196	0	1	1	0
19959	10	1	1	0	0	28	2196	0	1	1	0
19960	10	1	1	0	0	28	2196	0	1	1	0
19961	10	1	1	0	0	28	2196	0	1	1	0
19963	10	1	1	0	0	28	2196	0	1	1	0
19974	10	1	1	0	0	28	2196	0	1	1	0
19981	10	1	1	0	0	28	2196	0	1	1	0
19982	10	1	1	0	0	28	2196	0	1	1	0
19983	10	1	1	0	0	28	2196	0	1	1	0
19988	10	1	1	0	0	28	2196	0	1	1	0
19989	10	1	1	0	0	28	2196	0	1	1	0
19990	10	1	1	0	0	28	2196	0	1	1	0
19991	10	1	1	0	0	28	2196	0	1	1	0
19992	10	1	1	0	0	28	2196	0	1	1	0
19993	10	1	1	0	0	28	2196	0	1	1	0
19994	10	1	1	0	0	28	2196	0	1	1	0
19995	10	1	1	0	0	28	2196	0	1	1	0
19996	10	1	1	0	0	28	2196	0	1	1	0
19997	10	1	1	0	0	28	2196	0	1	1	0
19998	10	1	1	0	0	28	2196	0	1	1	0
19999	10	1	1	0	0	28	2196	0	1	1	0
