% time	cellId	IMSI	frame	sframe	RNTI	mcs	size	ccId
1.019	1	1	102	10	1	22	1431	0
1.039	1	1	104	10	1	28	2292	0
1.047	1	1	105	8	1	28	2292	0
1.059	1	1	106	10	1	28	2292	0
1.074	1	1	108	5	1	28	2292	0
1.075	1	1	108	6	1	28	2292	0
1.109	1	1	111	10	1	28	2292	0
1.164	1	1	117	5	1	22	1431	0
1.199	1	1	120	10	1	26	1908	0
1.234	1	1	124	5	1	28	2292	0
1.235	1	1	124	6	1	28	2292	0
1.269	1	1	127	10	1	16	967	0
1.27	1	1	128	1	1	16	967	0
1.271	1	1	128	2	1	16	967	0
1.304	1	1	131	5	1	28	2292	0
1.305	1	1	131	6	1	28	2292	0
1.306	1	1	131	7	1	28	2292	0
1.307	1	1	131	8	1	28	2292	0
1.339	1	1	134	10	1	16	967	0
1.34	1	1	135	1	1	16	967	0
1.341	1	1	135	2	1	16	967	0
1.342	1	1	135	3	1	16	967	0
1.343	1	1	135	4	1	16	967	0
1.374	1	1	138	5	1	28	2292	0
1.376	1	1	138	7	1	28	2292	0
1.378	1	1	138	9	1	28	2292	0
1.379	1	1	138	10	1	28	2292	0
1.38	1	1	139	1	1	28	2292	0
1.381	1	1	139	2	1	28	2292	0
1.394	1	1	140	5	1	28	2292	0
1.401	1	1	141	2	1	26	1908	0
1.402	1	1	141	3	1	26	1908	0
1.417	1	1	142	8	1	18	1143	0
1.436	1	1	144	7	1	22	1431	0
1.439	1	1	144	10	1	22	1431	0
1.442	1	1	145	3	1	28	2292	0
1.443	1	1	145	4	1	28	2292	0
1.471	1	1	148	2	1	28	2292	0
1.472	1	1	148	3	1	28	2292	0
1.473	1	1	148	4	1	28	2292	0
1.474	1	1	148	5	1	28	2292	0
1.475	1	1	148	6	1	28	2292	0
1.476	1	1	148	7	1	28	2292	0
1.477	1	1	148	8	1	28	2292	0
1.478	1	1	148	9	1	28	2292	0
1.479	1	1	148	10	1	28	2292	0
1.48	1	1	149	1	1	28	2292	0
1.481	1	1	149	2	1	28	2292	0
1.482	1	1	149	3	1	28	2292	0
1.483	1	1	149	4	1	28	2292	0
1.484	1	1	149	5	1	28	2292	0
1.504	1	1	151	5	1	28	2292	0
1.513	1	1	152	4	1	28	2292	0
1.514	1	1	152	5	1	28	2292	0
1.515	1	1	152	6	1	28	2292	0
1.516	1	1	152	7	1	28	2292	0
1.517	1	1	152	8	1	28	2292	0
1.518	1	1	152	9	1	28	2292	0
1.519	1	1	152	10	1	28	2292	0
1.52	1	1	153	1	1	28	2292	0
1.521	1	1	153	2	1	28	2292	0
1.522	1	1	153	3	1	28	2292	0
1.523	1	1	153	4	1	28	2292	0
1.524	1	1	153	5	1	28	2292	0
1.525	1	1	153	6	1	28	2292	0
1.526	1	1	153	7	1	28	2292	0
1.527	1	1	153	8	1	28	2292	0
1.529	1	1	153	10	1	28	2292	0
1.53	1	1	154	1	1	28	2292	0
1.531	1	1	154	2	1	28	2292	0
1.532	1	1	154	3	1	28	2292	0
1.533	1	1	154	4	1	28	2292	0
1.534	1	1	154	5	1	28	2292	0
1.549	1	1	155	10	1	28	2292	0
1.551	1	1	156	2	1	28	2292	0
1.552	1	1	156	3	1	28	2292	0
1.553	1	1	156	4	1	28	2292	0
1.554	1	1	156	5	1	28	2292	0
1.555	1	1	156	6	1	28	2292	0
1.556	1	1	156	7	1	16	967	0
1.557	1	1	156	8	1	16	967	0
1.558	1	1	156	9	1	28	2292	0
1.559	1	1	156	10	1	28	2292	0
1.56	1	1	157	1	1	28	2292	0
1.561	1	1	157	2	1	28	2292	0
1.562	1	1	157	3	1	28	2292	0
1.563	1	1	157	4	1	10	549	0
1.564	1	1	157	5	1	10	549	0
1.565	1	1	157	6	1	16	967	0
1.566	1	1	157	7	1	18	1143	0
1.567	1	1	157	8	1	20	1335	0
1.568	1	1	157	9	1	22	1431	0
1.569	1	1	157	10	1	22	1431	0
1.57	1	1	158	1	1	24	1692	0
1.571	1	1	158	2	1	24	1692	0
1.572	1	1	158	3	1	26	1908	0
1.573	1	1	158	4	1	28	2292	0
1.575	1	1	158	6	1	28	2292	0
1.576	1	1	158	7	1	28	2292	0
1.577	1	1	158	8	1	28	2292	0
1.578	1	1	158	9	1	28	2292	0
1.579	1	1	158	10	1	28	2292	0
1.58	1	1	159	1	1	28	2292	0
1.581	1	1	159	2	1	28	2292	0
1.582	1	1	159	3	1	28	2292	0
1.583	1	1	159	4	1	28	2292	0
1.585	1	1	159	6	1	28	2292	0
1.586	1	1	159	7	1	28	2292	0
1.587	1	1	159	8	1	28	2292	0
1.588	1	1	159	9	1	28	2292	0
1.589	1	1	159	10	1	28	2292	0
1.59	1	1	160	1	1	28	2292	0
1.591	1	1	160	2	1	28	2292	0
1.592	1	1	160	3	1	28	2292	0
1.593	1	1	160	4	1	28	2292	0
1.595	1	1	160	6	1	28	2292	0
1.596	1	1	160	7	1	28	2292	0
1.597	1	1	160	8	1	28	2292	0
1.598	1	1	160	9	1	28	2292	0
1.599	1	1	160	10	1	28	2292	0
1.6	1	1	161	1	1	28	2292	0
1.601	1	1	161	2	1	28	2292	0
1.602	1	1	161	3	1	28	2292	0
1.603	1	1	161	4	1	28	2292	0
1.605	1	1	161	6	1	28	2292	0
1.606	1	1	161	7	1	28	2292	0
1.607	1	1	161	8	1	28	2292	0
1.611	1	1	162	2	1	28	2292	0
1.612	1	1	162	3	1	28	2292	0
1.625	1	1	163	6	1	28	2292	0
1.626	1	1	163	7	1	28	2292	0
1.628	1	1	163	9	1	28	2292	0
1.632	1	1	164	3	1	28	2292	0
1.64	1	1	165	1	1	28	2292	0
1.643	1	1	165	4	1	28	2292	0
1.644	1	1	165	5	1	28	2292	0
1.645	1	1	165	6	1	28	2292	0
1.646	1	1	165	7	1	28	2292	0
1.647	1	1	165	8	1	28	2292	0
1.656	1	1	166	7	1	28	2292	0
1.658	1	1	166	9	1	28	2292	0
1.659	1	1	166	10	1	28	2292	0
1.66	1	1	167	1	1	28	2292	0
1.661	1	1	167	2	1	28	2292	0
1.662	1	1	167	3	1	28	2292	0
1.663	1	1	167	4	1	28	2292	0
1.672	1	1	168	3	1	28	2292	0
1.675	1	1	168	6	1	28	2292	0
1.676	1	1	168	7	1	28	2292	0
1.677	1	1	168	8	1	28	2292	0
1.678	1	1	168	9	1	28	2292	0
1.679	1	1	168	10	1	28	2292	0
1.688	1	1	169	9	1	28	2292	0
1.691	1	1	170	2	1	28	2292	0
1.694	1	1	170	5	1	28	2292	0
1.695	1	1	170	6	1	28	2292	0
1.704	1	1	171	5	1	28	2292	0
1.707	1	1	171	8	1	28	2292	0
1.708	1	1	171	9	1	28	2292	0
1.722	1	1	173	3	1	26	1908	0
1.723	1	1	173	4	1	26	1908	0
1.726	1	1	173	7	1	26	1908	0
1.727	1	1	173	8	1	26	1908	0
1.728	1	1	173	9	1	26	1908	0
1.729	1	1	173	10	1	26	1908	0
1.742	1	1	175	3	1	26	1908	0
1.743	1	1	175	4	1	26	1908	0
1.744	1	1	175	5	1	26	1908	0
1.745	1	1	175	6	1	26	1908	0
1.746	1	1	175	7	1	26	1908	0
1.747	1	1	175	8	1	26	1908	0
1.748	1	1	175	9	1	26	1908	0
1.749	1	1	175	10	1	28	2292	0
1.762	1	1	177	3	1	28	2292	0
1.763	1	1	177	4	1	28	2292	0
1.764	1	1	177	5	1	28	2292	0
1.765	1	1	177	6	1	28	2292	0
1.766	1	1	177	7	1	28	2292	0
1.778	1	1	178	9	1	28	2292	0
1.779	1	1	178	10	1	28	2292	0
1.78	1	1	179	1	1	28	2292	0
1.781	1	1	179	2	1	28	2292	0
1.782	1	1	179	3	1	28	2292	0
1.783	1	1	179	4	1	28	2292	0
1.784	1	1	179	5	1	28	2292	0
1.797	1	1	180	8	1	28	2292	0
1.798	1	1	180	9	1	28	2292	0
1.799	1	1	180	10	1	28	2292	0
1.8	1	1	181	1	1	28	2292	0
1.801	1	1	181	2	1	28	2292	0
1.802	1	1	181	3	1	28	2292	0
1.803	1	1	181	4	1	28	2292	0
1.804	1	1	181	5	1	28	2292	0
1.805	1	1	181	6	1	28	2292	0
1.806	1	1	181	7	1	28	2292	0
1.807	1	1	181	8	1	28	2292	0
1.808	1	1	181	9	1	28	2292	0
1.809	1	1	181	10	1	28	2292	0
1.81	1	1	182	1	1	28	2292	0
1.811	1	1	182	2	1	28	2292	0
1.813	1	1	182	4	1	28	2292	0
1.814	1	1	182	5	1	28	2292	0
1.815	1	1	182	6	1	28	2292	0
1.816	1	1	182	7	1	28	2292	0
1.817	1	1	182	8	1	28	2292	0
1.818	1	1	182	9	1	28	2292	0
1.819	1	1	182	10	1	28	2292	0
1.82	1	1	183	1	1	28	2292	0
1.821	1	1	183	2	1	28	2292	0
1.823	1	1	183	4	1	28	2292	0
1.824	1	1	183	5	1	28	2292	0
1.825	1	1	183	6	1	28	2292	0
1.826	1	1	183	7	1	28	2292	0
1.827	1	1	183	8	1	26	1908	0
1.828	1	1	183	9	1	24	1692	0
1.829	1	1	183	10	1	24	1692	0
1.83	1	1	184	1	1	22	1431	0
1.831	1	1	184	2	1	20	1335	0
1.832	1	1	184	3	1	20	1335	0
1.833	1	1	184	4	1	16	967	0
1.834	1	1	184	5	1	12	621	0
1.835	1	1	184	6	1	4	225	0
1.837	1	1	184	8	1	6	325	0
1.838	1	1	184	9	1	12	621	0
1.839	1	1	184	10	1	16	967	0
1.84	1	1	185	1	1	18	1143	0
1.841	1	1	185	2	1	20	1335	0
1.842	1	1	185	3	1	20	1335	0
1.843	1	1	185	4	1	20	1335	0
1.844	1	1	185	5	1	24	1692	0
1.845	1	1	185	6	1	24	1692	0
1.846	1	1	185	7	1	26	1908	0
1.847	1	1	185	8	1	28	2292	0
1.848	1	1	185	9	1	28	2292	0
1.849	1	1	185	10	1	28	2292	0
1.85	1	1	186	1	1	28	2292	0
1.851	1	1	186	2	1	28	2292	0
1.853	1	1	186	4	1	28	2292	0
1.854	1	1	186	5	1	28	2292	0
1.855	1	1	186	6	1	28	2292	0
1.856	1	1	186	7	1	28	2292	0
1.857	1	1	186	8	1	28	2292	0
1.858	1	1	186	9	1	28	2292	0
1.859	1	1	186	10	1	28	2292	0
1.86	1	1	187	1	1	28	2292	0
1.861	1	1	187	2	1	28	2292	0
1.863	1	1	187	4	1	28	2292	0
1.864	1	1	187	5	1	28	2292	0
1.865	1	1	187	6	1	28	2292	0
1.866	1	1	187	7	1	28	2292	0
1.867	1	1	187	8	1	28	2292	0
1.868	1	1	187	9	1	28	2292	0
1.869	1	1	187	10	1	28	2292	0
1.87	1	1	188	1	1	28	2292	0
1.871	1	1	188	2	1	28	2292	0
1.873	1	1	188	4	1	28	2292	0
1.874	1	1	188	5	1	28	2292	0
1.875	1	1	188	6	1	28	2292	0
1.876	1	1	188	7	1	28	2292	0
1.877	1	1	188	8	1	28	2292	0
1.878	1	1	188	9	1	28	2292	0
1.879	1	1	188	10	1	28	2292	0
1.88	1	1	189	1	1	28	2292	0
1.881	1	1	189	2	1	28	2292	0
1.883	1	1	189	4	1	28	2292	0
1.884	1	1	189	5	1	28	2292	0
1.885	1	1	189	6	1	28	2292	0
1.886	1	1	189	7	1	28	2292	0
1.887	1	1	189	8	1	28	2292	0
1.888	1	1	189	9	1	28	2292	0
1.889	1	1	189	10	1	28	2292	0
1.89	1	1	190	1	1	28	2292	0
1.891	1	1	190	2	1	28	2292	0
1.893	1	1	190	4	1	28	2292	0
1.894	1	1	190	5	1	28	2292	0
1.895	1	1	190	6	1	28	2292	0
1.896	1	1	190	7	1	28	2292	0
1.897	1	1	190	8	1	28	2292	0
1.898	1	1	190	9	1	28	2292	0
1.899	1	1	190	10	1	28	2292	0
1.9	1	1	191	1	1	28	2292	0
1.901	1	1	191	2	1	28	2292	0
1.903	1	1	191	4	1	28	2292	0
1.904	1	1	191	5	1	28	2292	0
1.905	1	1	191	6	1	28	2292	0
1.906	1	1	191	7	1	28	2292	0
1.907	1	1	191	8	1	28	2292	0
1.908	1	1	191	9	1	28	2292	0
1.909	1	1	191	10	1	28	2292	0
1.91	1	1	192	1	1	28	2292	0
1.911	1	1	192	2	1	28	2292	0
1.913	1	1	192	4	1	28	2292	0
1.914	1	1	192	5	1	28	2292	0
1.915	1	1	192	6	1	28	2292	0
1.916	1	1	192	7	1	28	2292	0
1.917	1	1	192	8	1	28	2292	0
1.918	1	1	192	9	1	28	2292	0
1.919	1	1	192	10	1	28	2292	0
1.92	1	1	193	1	1	28	2292	0
1.921	1	1	193	2	1	28	2292	0
1.923	1	1	193	4	1	28	2292	0
1.924	1	1	193	5	1	26	1908	0
1.925	1	1	193	6	1	26	1908	0
1.926	1	1	193	7	1	24	1692	0
1.927	1	1	193	8	1	22	1431	0
1.928	1	1	193	9	1	20	1335	0
1.929	1	1	193	10	1	20	1335	0
1.93	1	1	194	1	1	16	967	0
1.931	1	1	194	2	1	14	807	0
1.932	1	1	194	3	1	14	807	0
1.933	1	1	194	4	1	12	621	0
1.934	1	1	194	5	1	14	807	0
1.935	1	1	194	6	1	18	1143	0
1.936	1	1	194	7	1	18	1143	0
1.937	1	1	194	8	1	18	1143	0
1.938	1	1	194	9	1	16	967	0
1.939	1	1	194	10	1	14	807	0
1.94	1	1	195	1	1	14	807	0
1.941	1	1	195	2	1	14	807	0
1.942	1	1	195	3	1	14	807	0
1.943	1	1	195	4	1	18	1143	0
1.944	1	1	195	5	1	18	1143	0
1.945	1	1	195	6	1	18	1143	0
1.946	1	1	195	7	1	20	1335	0
1.947	1	1	195	8	1	20	1335	0
1.948	1	1	195	9	1	20	1335	0
1.949	1	1	195	10	1	20	1335	0
1.95	1	1	196	1	1	20	1335	0
1.951	1	1	196	2	1	22	1431	0
1.952	1	1	196	3	1	22	1431	0
1.953	1	1	196	4	1	22	1431	0
1.954	1	1	196	5	1	22	1431	0
1.955	1	1	196	6	1	22	1431	0
1.956	1	1	196	7	1	22	1431	0
1.957	1	1	196	8	1	22	1431	0
1.958	1	1	196	9	1	22	1431	0
1.959	1	1	196	10	1	22	1431	0
1.96	1	1	197	1	1	22	1431	0
1.961	1	1	197	2	1	22	1431	0
1.962	1	1	197	3	1	22	1431	0
1.963	1	1	197	4	1	22	1431	0
1.964	1	1	197	5	1	22	1431	0
1.965	1	1	197	6	1	22	1431	0
1.966	1	1	197	7	1	22	1431	0
1.967	1	1	197	8	1	22	1431	0
1.968	1	1	197	9	1	22	1431	0
1.969	1	1	197	10	1	22	1431	0
1.97	1	1	198	1	1	22	1431	0
1.971	1	1	198	2	1	22	1431	0
1.972	1	1	198	3	1	22	1431	0
1.973	1	1	198	4	1	22	1431	0
1.974	1	1	198	5	1	22	1431	0
1.975	1	1	198	6	1	22	1431	0
1.976	1	1	198	7	1	22	1431	0
1.977	1	1	198	8	1	22	1431	0
1.978	1	1	198	9	1	22	1431	0
1.979	1	1	198	10	1	22	1431	0
1.98	1	1	199	1	1	22	1431	0
1.981	1	1	199	2	1	22	1431	0
1.982	1	1	199	3	1	22	1431	0
1.983	1	1	199	4	1	22	1431	0
1.984	1	1	199	5	1	22	1431	0
1.985	1	1	199	6	1	22	1431	0
1.986	1	1	199	7	1	22	1431	0
1.987	1	1	199	8	1	22	1431	0
1.988	1	1	199	9	1	24	1692	0
1.989	1	1	199	10	1	24	1692	0
1.99	1	1	200	1	1	24	1692	0
1.991	1	1	200	2	1	24	1692	0
1.992	1	1	200	3	1	24	1692	0
1.993	1	1	200	4	1	24	1692	0
1.994	1	1	200	5	1	24	1692	0
1.995	1	1	200	6	1	24	1692	0
1.996	1	1	200	7	1	24	1692	0
1.997	1	1	200	8	1	24	1692	0
1.998	1	1	200	9	1	24	1692	0
1.999	1	1	200	10	1	24	1692	0
2	1	1	201	1	1	24	1692	0
2.001	1	1	201	2	1	28	2292	0
2.003	1	1	201	4	1	28	2292	0
2.015	1	1	202	6	1	28	2292	0
2.016	1	1	202	7	1	28	2292	0
2.017	1	1	202	8	1	28	2292	0
2.018	1	1	202	9	1	28	2292	0
2.019	1	1	202	10	1	28	2292	0
2.02	1	1	203	1	1	28	2292	0
2.021	1	1	203	2	1	28	2292	0
2.022	1	1	203	3	1	28	2292	0
2.033	1	1	204	4	1	2	137	0
2.034	1	1	204	5	1	2	137	0
2.035	1	1	204	6	1	2	137	0
2.036	1	1	204	7	1	2	137	0
2.037	1	1	204	8	1	2	137	0
2.038	1	1	204	9	1	2	137	0
2.039	1	1	204	10	1	2	137	0
2.04	1	1	205	1	1	4	225	0
2.041	1	1	205	2	1	6	325	0
2.042	1	1	205	3	1	8	437	0
2.043	1	1	205	4	1	8	437	0
2.044	1	1	205	5	1	6	325	0
2.045	1	1	205	6	1	6	325	0
2.046	1	1	205	7	1	4	225	0
2.047	1	1	205	8	1	4	225	0
2.048	1	1	205	9	1	6	325	0
2.049	1	1	205	10	1	6	325	0
2.05	1	1	206	1	1	8	437	0
2.051	1	1	206	2	1	8	437	0
2.052	1	1	206	3	1	8	437	0
2.053	1	1	206	4	1	6	325	0
2.054	1	1	206	5	1	6	325	0
2.055	1	1	206	6	1	4	225	0
2.056	1	1	206	7	1	4	225	0
2.057	1	1	206	8	1	4	225	0
2.058	1	1	206	9	1	4	225	0
2.059	1	1	206	10	1	4	225	0
2.06	1	1	207	1	1	4	225	0
2.061	1	1	207	2	1	4	225	0
2.062	1	1	207	3	1	4	225	0
2.063	1	1	207	4	1	6	325	0
2.064	1	1	207	5	1	6	325	0
2.065	1	1	207	6	1	6	325	0
2.066	1	1	207	7	1	6	325	0
2.067	1	1	207	8	1	6	325	0
2.068	1	1	207	9	1	6	325	0
2.069	1	1	207	10	1	6	325	0
2.07	1	1	208	1	1	6	325	0
2.071	1	1	208	2	1	6	325	0
2.072	1	1	208	3	1	4	225	0
2.073	1	1	208	4	1	4	225	0
2.074	1	1	208	5	1	4	225	0
2.075	1	1	208	6	1	4	225	0
2.076	1	1	208	7	1	6	325	0
2.077	1	1	208	8	1	6	325	0
2.078	1	1	208	9	1	6	325	0
2.079	1	1	208	10	1	4	225	0
2.08	1	1	209	1	1	4	225	0
2.081	1	1	209	2	1	2	137	0
2.082	1	1	209	3	1	2	137	0
2.083	1	1	209	4	1	2	137	0
2.084	1	1	209	5	1	2	137	0
2.085	1	1	209	6	1	4	225	0
2.086	1	1	209	7	1	4	225	0
2.087	1	1	209	8	1	6	325	0
2.088	1	1	209	9	1	6	325	0
2.089	1	1	209	10	1	4	225	0
2.09	1	1	210	1	1	4	225	0
2.091	1	1	210	2	1	4	225	0
2.092	1	1	210	3	1	6	325	0
2.093	1	1	210	4	1	6	325	0
2.094	1	1	210	5	1	4	225	0
2.095	1	1	210	6	1	4	225	0
2.096	1	1	210	7	1	4	225	0
2.097	1	1	210	8	1	6	325	0
2.098	1	1	210	9	1	6	325	0
2.099	1	1	210	10	1	2	137	0
2.1	1	1	211	1	1	0	85	0
2.101	1	1	211	2	1	4	225	0
2.102	1	1	211	3	1	4	225	0
2.105	1	1	211	6	1	4	225	0
2.106	1	1	211	7	1	4	225	0
2.107	1	1	211	8	1	4	225	0
2.108	1	1	211	9	1	6	325	0
2.109	1	1	211	10	1	10	549	0
2.11	1	1	212	1	1	10	549	0
2.111	1	1	212	2	1	10	549	0
2.112	1	1	212	3	1	14	807	0
2.113	1	1	212	4	1	16	967	0
2.114	1	1	212	5	1	18	1143	0
2.115	1	1	212	6	1	18	1143	0
2.116	1	1	212	7	1	20	1335	0
2.117	1	1	212	8	1	22	1431	0
2.118	1	1	212	9	1	22	1431	0
2.119	1	1	212	10	1	22	1431	0
2.12	1	1	213	1	1	24	1692	0
2.121	1	1	213	2	1	24	1692	0
2.122	1	1	213	3	1	26	1908	0
2.123	1	1	213	4	1	26	1908	0
2.124	1	1	213	5	1	28	2292	0
2.125	1	1	213	6	1	28	2292	0
2.126	1	1	213	7	1	28	2292	0
2.127	1	1	213	8	1	28	2292	0
2.129	1	1	213	10	1	28	2292	0
2.13	1	1	214	1	1	28	2292	0
2.131	1	1	214	2	1	28	2292	0
2.132	1	1	214	3	1	28	2292	0
2.133	1	1	214	4	1	28	2292	0
2.134	1	1	214	5	1	28	2292	0
2.135	1	1	214	6	1	28	2292	0
2.136	1	1	214	7	1	28	2292	0
2.137	1	1	214	8	1	28	2292	0
2.139	1	1	214	10	1	28	2292	0
2.14	1	1	215	1	1	28	2292	0
2.141	1	1	215	2	1	28	2292	0
2.142	1	1	215	3	1	28	2292	0
2.143	1	1	215	4	1	28	2292	0
2.144	1	1	215	5	1	28	2292	0
2.145	1	1	215	6	1	28	2292	0
2.146	1	1	215	7	1	28	2292	0
2.147	1	1	215	8	1	28	2292	0
2.148	1	1	215	9	1	28	2292	0
2.149	1	1	215	10	1	28	2292	0
2.15	1	1	216	1	1	28	2292	0
2.151	1	1	216	2	1	28	2292	0
2.152	1	1	216	3	1	28	2292	0
2.153	1	1	216	4	1	28	2292	0
2.154	1	1	216	5	1	28	2292	0
2.155	1	1	216	6	1	26	1908	0
2.156	1	1	216	7	1	26	1908	0
2.157	1	1	216	8	1	26	1908	0
2.159	1	1	216	10	1	26	1908	0
2.16	1	1	217	1	1	24	1692	0
2.161	1	1	217	2	1	24	1692	0
2.162	1	1	217	3	1	24	1692	0
2.163	1	1	217	4	1	24	1692	0
2.164	1	1	217	5	1	24	1692	0
2.165	1	1	217	6	1	24	1692	0
2.166	1	1	217	7	1	24	1692	0
2.167	1	1	217	8	1	24	1692	0
2.168	1	1	217	9	1	24	1692	0
2.169	1	1	217	10	1	24	1692	0
2.17	1	1	218	1	1	24	1692	0
2.171	1	1	218	2	1	24	1692	0
2.172	1	1	218	3	1	24	1692	0
2.173	1	1	218	4	1	24	1692	0
2.174	1	1	218	5	1	24	1692	0
2.175	1	1	218	6	1	24	1692	0
2.176	1	1	218	7	1	24	1692	0
2.177	1	1	218	8	1	26	1908	0
2.179	1	1	218	10	1	26	1908	0
2.18	1	1	219	1	1	28	2292	0
2.181	1	1	219	2	1	28	2292	0
2.182	1	1	219	3	1	28	2292	0
2.183	1	1	219	4	1	28	2292	0
2.184	1	1	219	5	1	28	2292	0
2.185	1	1	219	6	1	28	2292	0
2.186	1	1	219	7	1	28	2292	0
2.187	1	1	219	8	1	28	2292	0
2.189	1	1	219	10	1	28	2292	0
2.19	1	1	220	1	1	28	2292	0
2.191	1	1	220	2	1	28	2292	0
2.192	1	1	220	3	1	28	2292	0
2.193	1	1	220	4	1	28	2292	0
2.194	1	1	220	5	1	28	2292	0
2.195	1	1	220	6	1	28	2292	0
2.196	1	1	220	7	1	26	1908	0
2.197	1	1	220	8	1	26	1908	0
2.199	1	1	220	10	1	24	1692	0
2.2	1	1	221	1	1	22	1431	0
2.201	1	1	221	2	1	22	1431	0
2.202	1	1	221	3	1	20	1335	0
2.203	1	1	221	4	1	18	1143	0
2.204	1	1	221	5	1	16	967	0
2.205	1	1	221	6	1	16	967	0
2.206	1	1	221	7	1	12	621	0
2.207	1	1	221	8	1	8	437	0
2.208	1	1	221	9	1	8	437	0
2.21	1	1	222	1	1	0	85	0
2.211	1	1	222	2	1	6	325	0
2.212	1	1	222	3	1	8	437	0
2.213	1	1	222	4	1	12	621	0
2.214	1	1	222	5	1	12	621	0
2.215	1	1	222	6	1	14	807	0
2.216	1	1	222	7	1	14	807	0
2.217	1	1	222	8	1	14	807	0
2.218	1	1	222	9	1	14	807	0
2.219	1	1	222	10	1	14	807	0
2.22	1	1	223	1	1	14	807	0
2.221	1	1	223	2	1	12	621	0
2.222	1	1	223	3	1	10	549	0
2.223	1	1	223	4	1	8	437	0
2.224	1	1	223	5	1	8	437	0
2.225	1	1	223	6	1	10	549	0
2.226	1	1	223	7	1	6	325	0
2.227	1	1	223	8	1	2	137	0
2.228	1	1	223	9	1	2	137	0
2.229	1	1	223	10	1	6	325	0
2.23	1	1	224	1	1	8	437	0
2.231	1	1	224	2	1	12	621	0
2.232	1	1	224	3	1	14	807	0
2.233	1	1	224	4	1	16	967	0
2.234	1	1	224	5	1	18	1143	0
2.235	1	1	224	6	1	20	1335	0
2.236	1	1	224	7	1	20	1335	0
2.237	1	1	224	8	1	20	1335	0
2.238	1	1	224	9	1	20	1335	0
2.239	1	1	224	10	1	22	1431	0
2.24	1	1	225	1	1	22	1431	0
2.241	1	1	225	2	1	24	1692	0
2.242	1	1	225	3	1	24	1692	0
2.243	1	1	225	4	1	24	1692	0
2.244	1	1	225	5	1	24	1692	0
2.245	1	1	225	6	1	26	1908	0
2.246	1	1	225	7	1	26	1908	0
2.247	1	1	225	8	1	26	1908	0
2.249	1	1	225	10	1	28	2292	0
2.25	1	1	226	1	1	28	2292	0
2.251	1	1	226	2	1	28	2292	0
2.252	1	1	226	3	1	28	2292	0
2.253	1	1	226	4	1	28	2292	0
2.254	1	1	226	5	1	28	2292	0
2.255	1	1	226	6	1	28	2292	0
2.256	1	1	226	7	1	28	2292	0
2.257	1	1	226	8	1	28	2292	0
2.259	1	1	226	10	1	28	2292	0
2.26	1	1	227	1	1	28	2292	0
2.261	1	1	227	2	1	28	2292	0
2.262	1	1	227	3	1	28	2292	0
2.263	1	1	227	4	1	28	2292	0
2.264	1	1	227	5	1	28	2292	0
2.265	1	1	227	6	1	28	2292	0
2.266	1	1	227	7	1	28	2292	0
2.267	1	1	227	8	1	28	2292	0
2.269	1	1	227	10	1	28	2292	0
2.27	1	1	228	1	1	28	2292	0
2.271	1	1	228	2	1	28	2292	0
2.272	1	1	228	3	1	28	2292	0
2.273	1	1	228	4	1	28	2292	0
2.274	1	1	228	5	1	28	2292	0
2.275	1	1	228	6	1	28	2292	0
2.276	1	1	228	7	1	28	2292	0
2.277	1	1	228	8	1	28	2292	0
2.279	1	1	228	10	1	28	2292	0
2.28	1	1	229	1	1	28	2292	0
2.281	1	1	229	2	1	28	2292	0
2.282	1	1	229	3	1	28	2292	0
2.283	1	1	229	4	1	28	2292	0
2.284	1	1	229	5	1	28	2292	0
2.285	1	1	229	6	1	28	2292	0
2.286	1	1	229	7	1	28	2292	0
2.287	1	1	229	8	1	28	2292	0
2.289	1	1	229	10	1	28	2292	0
2.29	1	1	230	1	1	28	2292	0
2.291	1	1	230	2	1	28	2292	0
2.292	1	1	230	3	1	28	2292	0
2.293	1	1	230	4	1	28	2292	0
2.294	1	1	230	5	1	28	2292	0
2.295	1	1	230	6	1	28	2292	0
2.296	1	1	230	7	1	28	2292	0
2.297	1	1	230	8	1	28	2292	0
2.299	1	1	230	10	1	28	2292	0
2.3	1	1	231	1	1	28	2292	0
2.301	1	1	231	2	1	28	2292	0
2.302	1	1	231	3	1	28	2292	0
2.303	1	1	231	4	1	28	2292	0
2.304	1	1	231	5	1	28	2292	0
2.305	1	1	231	6	1	28	2292	0
2.306	1	1	231	7	1	28	2292	0
2.307	1	1	231	8	1	26	1908	0
2.309	1	1	231	10	1	24	1692	0
2.31	1	1	232	1	1	24	1692	0
2.311	1	1	232	2	1	22	1431	0
2.312	1	1	232	3	1	22	1431	0
2.313	1	1	232	4	1	20	1335	0
2.314	1	1	232	5	1	20	1335	0
2.315	1	1	232	6	1	20	1335	0
2.316	1	1	232	7	1	20	1335	0
2.317	1	1	232	8	1	20	1335	0
2.318	1	1	232	9	1	20	1335	0
2.319	1	1	232	10	1	20	1335	0
2.32	1	1	233	1	1	22	1431	0
2.321	1	1	233	2	1	22	1431	0
2.322	1	1	233	3	1	22	1431	0
2.323	1	1	233	4	1	22	1431	0
2.324	1	1	233	5	1	22	1431	0
2.325	1	1	233	6	1	22	1431	0
2.326	1	1	233	7	1	22	1431	0
2.327	1	1	233	8	1	22	1431	0
2.328	1	1	233	9	1	22	1431	0
2.343	1	1	235	4	1	18	1143	0
2.344	1	1	235	5	1	18	1143	0
2.345	1	1	235	6	1	18	1143	0
2.346	1	1	235	7	1	18	1143	0
2.347	1	1	235	8	1	18	1143	0
2.348	1	1	235	9	1	18	1143	0
2.349	1	1	235	10	1	18	1143	0
2.35	1	1	236	1	1	22	1431	0
2.358	1	1	236	9	1	22	1431	0
2.361	1	1	237	2	1	28	2292	0
2.362	1	1	237	3	1	28	2292	0
2.363	1	1	237	4	1	28	2292	0
2.364	1	1	237	5	1	28	2292	0
2.365	1	1	237	6	1	28	2292	0
2.374	1	1	238	5	1	28	2292	0
2.376	1	1	238	7	1	28	2292	0
2.377	1	1	238	8	1	28	2292	0
2.378	1	1	238	9	1	28	2292	0
2.379	1	1	238	10	1	28	2292	0
2.38	1	1	239	1	1	28	2292	0
2.381	1	1	239	2	1	28	2292	0
2.39	1	1	240	1	1	28	2292	0
2.392	1	1	240	3	1	28	2292	0
2.393	1	1	240	4	1	28	2292	0
2.394	1	1	240	5	1	28	2292	0
2.395	1	1	240	6	1	28	2292	0
2.396	1	1	240	7	1	28	2292	0
2.397	1	1	240	8	1	28	2292	0
2.406	1	1	241	7	1	28	2292	0
2.409	1	1	241	10	1	28	2292	0
2.41	1	1	242	1	1	28	2292	0
2.425	1	1	243	6	1	28	2292	0
2.426	1	1	243	7	1	28	2292	0
2.427	1	1	243	8	1	28	2292	0
2.431	1	1	244	2	1	28	2292	0
2.432	1	1	244	3	1	28	2292	0
2.433	1	1	244	4	1	22	1431	0
2.442	1	1	245	3	1	20	1335	0
2.443	1	1	245	4	1	20	1335	0
2.444	1	1	245	5	1	20	1335	0
2.445	1	1	245	6	1	20	1335	0
2.446	1	1	245	7	1	20	1335	0
2.447	1	1	245	8	1	20	1335	0
2.448	1	1	245	9	1	20	1335	0
2.458	1	1	246	9	1	22	1431	0
2.459	1	1	246	10	1	22	1431	0
2.462	1	1	247	3	1	22	1431	0
2.464	1	1	247	5	1	22	1431	0
2.465	1	1	247	6	1	26	1908	0
2.474	1	1	248	5	1	26	1908	0
2.476	1	1	248	7	1	26	1908	0
2.477	1	1	248	8	1	26	1908	0
2.478	1	1	248	9	1	26	1908	0
2.479	1	1	248	10	1	26	1908	0
2.48	1	1	249	1	1	26	1908	0
2.481	1	1	249	2	1	28	2292	0
2.49	1	1	250	1	1	28	2292	0
2.492	1	1	250	3	1	28	2292	0
2.493	1	1	250	4	1	28	2292	0
2.494	1	1	250	5	1	28	2292	0
2.495	1	1	250	6	1	28	2292	0
2.496	1	1	250	7	1	28	2292	0
2.497	1	1	250	8	1	28	2292	0
2.506	1	1	251	7	1	28	2292	0
2.508	1	1	251	9	1	28	2292	0
2.509	1	1	251	10	1	28	2292	0
2.51	1	1	252	1	1	28	2292	0
2.511	1	1	252	2	1	28	2292	0
2.512	1	1	252	3	1	28	2292	0
2.513	1	1	252	4	1	26	1908	0
2.522	1	1	253	3	1	24	1692	0
2.523	1	1	253	4	1	24	1692	0
2.524	1	1	253	5	1	24	1692	0
2.525	1	1	253	6	1	24	1692	0
2.526	1	1	253	7	1	24	1692	0
2.527	1	1	253	8	1	24	1692	0
2.528	1	1	253	9	1	24	1692	0
2.529	1	1	253	10	1	22	1431	0
2.53	1	1	254	1	1	24	1692	0
2.531	1	1	254	2	1	24	1692	0
2.532	1	1	254	3	1	24	1692	0
2.533	1	1	254	4	1	24	1692	0
2.534	1	1	254	5	1	24	1692	0
2.535	1	1	254	6	1	24	1692	0
2.536	1	1	254	7	1	24	1692	0
2.537	1	1	254	8	1	24	1692	0
2.538	1	1	254	9	1	24	1692	0
2.539	1	1	254	10	1	26	1908	0
2.541	1	1	255	2	1	28	2292	0
2.542	1	1	255	3	1	28	2292	0
2.543	1	1	255	4	1	28	2292	0
2.544	1	1	255	5	1	28	2292	0
2.557	1	1	256	8	1	28	2292	0
2.562	1	1	257	3	1	18	1143	0
2.563	1	1	257	4	1	18	1143	0
2.564	1	1	257	5	1	28	2292	0
2.565	1	1	257	6	1	12	621	0
2.566	1	1	257	7	1	12	621	0
2.567	1	1	257	8	1	12	621	0
2.568	1	1	257	9	1	12	621	0
2.569	1	1	257	10	1	6	325	0
2.57	1	1	258	1	1	8	437	0
2.571	1	1	258	2	1	10	549	0
2.572	1	1	258	3	1	12	621	0
2.573	1	1	258	4	1	14	807	0
2.574	1	1	258	5	1	14	807	0
2.575	1	1	258	6	1	14	807	0
2.576	1	1	258	7	1	14	807	0
2.577	1	1	258	8	1	14	807	0
2.578	1	1	258	9	1	14	807	0
2.579	1	1	258	10	1	12	621	0
2.58	1	1	259	1	1	12	621	0
2.581	1	1	259	2	1	8	437	0
2.582	1	1	259	3	1	8	437	0
2.583	1	1	259	4	1	8	437	0
2.584	1	1	259	5	1	6	325	0
2.595	1	1	260	6	1	6	325	0
2.596	1	1	260	7	1	6	325	0
2.598	1	1	260	9	1	6	325	0
2.599	1	1	260	10	1	6	325	0
2.6	1	1	261	1	1	6	325	0
2.601	1	1	261	2	1	24	1692	0
2.602	1	1	261	3	1	24	1692	0
2.61	1	1	262	1	1	24	1692	0
2.613	1	1	262	4	1	24	1692	0
2.614	1	1	262	5	1	24	1692	0
2.615	1	1	262	6	1	24	1692	0
2.616	1	1	262	7	1	24	1692	0
2.617	1	1	262	8	1	28	2292	0
2.626	1	1	263	7	1	28	2292	0
2.627	1	1	263	8	1	28	2292	0
2.628	1	1	263	9	1	28	2292	0
2.629	1	1	263	10	1	28	2292	0
2.63	1	1	264	1	1	28	2292	0
2.631	1	1	264	2	1	28	2292	0
2.632	1	1	264	3	1	28	2292	0
2.633	1	1	264	4	1	28	2292	0
2.634	1	1	264	5	1	28	2292	0
2.635	1	1	264	6	1	28	2292	0
2.636	1	1	264	7	1	28	2292	0
2.637	1	1	264	8	1	28	2292	0
2.638	1	1	264	9	1	28	2292	0
2.639	1	1	264	10	1	28	2292	0
2.64	1	1	265	1	1	28	2292	0
2.641	1	1	265	2	1	28	2292	0
2.642	1	1	265	3	1	28	2292	0
2.643	1	1	265	4	1	28	2292	0
2.644	1	1	265	5	1	28	2292	0
2.645	1	1	265	6	1	28	2292	0
2.646	1	1	265	7	1	28	2292	0
2.647	1	1	265	8	1	28	2292	0
2.648	1	1	265	9	1	28	2292	0
2.649	1	1	265	10	1	28	2292	0
2.65	1	1	266	1	1	28	2292	0
2.651	1	1	266	2	1	28	2292	0
2.652	1	1	266	3	1	28	2292	0
2.653	1	1	266	4	1	28	2292	0
2.654	1	1	266	5	1	28	2292	0
2.655	1	1	266	6	1	28	2292	0
2.656	1	1	266	7	1	28	2292	0
2.657	1	1	266	8	1	28	2292	0
2.658	1	1	266	9	1	28	2292	0
2.659	1	1	266	10	1	28	2292	0
2.662	1	1	267	3	1	28	2292	0
2.663	1	1	267	4	1	28	2292	0
2.664	1	1	267	5	1	26	1908	0
2.665	1	1	267	6	1	26	1908	0
2.666	1	1	267	7	1	24	1692	0
2.667	1	1	267	8	1	24	1692	0
2.668	1	1	267	9	1	24	1692	0
2.669	1	1	267	10	1	22	1431	0
2.67	1	1	268	1	1	22	1431	0
2.671	1	1	268	2	1	22	1431	0
2.672	1	1	268	3	1	20	1335	0
2.673	1	1	268	4	1	18	1143	0
2.674	1	1	268	5	1	18	1143	0
2.675	1	1	268	6	1	18	1143	0
2.676	1	1	268	7	1	20	1335	0
2.677	1	1	268	8	1	20	1335	0
2.678	1	1	268	9	1	22	1431	0
2.679	1	1	268	10	1	22	1431	0
2.68	1	1	269	1	1	22	1431	0
2.681	1	1	269	2	1	22	1431	0
2.682	1	1	269	3	1	22	1431	0
2.683	1	1	269	4	1	22	1431	0
2.684	1	1	269	5	1	22	1431	0
2.685	1	1	269	6	1	22	1431	0
2.686	1	1	269	7	1	20	1335	0
2.687	1	1	269	8	1	20	1335	0
2.688	1	1	269	9	1	20	1335	0
2.689	1	1	269	10	1	20	1335	0
2.69	1	1	270	1	1	18	1143	0
2.691	1	1	270	2	1	18	1143	0
2.692	1	1	270	3	1	16	967	0
2.693	1	1	270	4	1	14	807	0
2.694	1	1	270	5	1	12	621	0
2.695	1	1	270	6	1	10	549	0
2.696	1	1	270	7	1	6	325	0
2.697	1	1	270	8	1	2	137	0
2.698	1	1	270	9	1	0	85	0
2.699	1	1	270	10	1	2	137	0
2.7	1	1	271	1	1	2	137	0
2.701	1	1	271	2	1	2	137	0
2.702	1	1	271	3	1	12	621	0
2.703	1	1	271	4	1	12	621	0
2.704	1	1	271	5	1	12	621	0
2.714	1	1	272	5	1	12	621	0
2.716	1	1	272	7	1	12	621	0
2.718	1	1	272	9	1	12	621	0
2.719	1	1	272	10	1	12	621	0
2.72	1	1	273	1	1	12	621	0
2.729	1	1	273	10	1	28	2292	0
2.749	1	1	275	10	1	28	2292	0
2.752	1	1	276	3	1	28	2292	0
2.756	1	1	276	7	1	28	2292	0
2.768	1	1	277	9	1	28	2292	0
2.769	1	1	277	10	1	28	2292	0
2.772	1	1	278	3	1	28	2292	0
2.786	1	1	279	7	1	28	2292	0
2.787	1	1	279	8	1	28	2292	0
2.792	1	1	280	3	1	28	2292	0
2.822	1	1	283	3	1	20	1335	0
2.823	1	1	283	4	1	20	1335	0
2.824	1	1	283	5	1	20	1335	0
2.838	1	1	284	9	1	28	2292	0
2.853	1	1	286	4	1	28	2292	0
2.873	1	1	288	4	1	28	2292	0
2.889	1	1	289	10	1	28	2292	0
2.893	1	1	290	4	1	28	2292	0
2.913	1	1	292	4	1	28	2292	0
2.92	1	1	293	1	1	28	2292	0
2.933	1	1	294	4	1	20	1335	0
2.934	1	1	294	5	1	20	1335	0
2.94	1	1	295	1	1	20	1335	0
2.941	1	1	295	2	1	20	1335	0
2.953	1	1	296	4	1	10	549	0
2.954	1	1	296	5	1	10	549	0
2.955	1	1	296	6	1	10	549	0
2.956	1	1	296	7	1	10	549	0
2.957	1	1	296	8	1	10	549	0
2.958	1	1	296	9	1	10	549	0
2.96	1	1	297	1	1	20	1335	0
2.968	1	1	297	9	1	20	1335	0
2.969	1	1	297	10	1	20	1335	0
2.983	1	1	299	4	1	12	621	0
2.984	1	1	299	5	1	12	621	0
2.985	1	1	299	6	1	12	621	0
2.986	1	1	299	7	1	12	621	0
3.002	1	1	301	3	1	28	2292	0
3.003	1	1	301	4	1	28	2292	0
3.007	1	1	301	8	1	28	2292	0
3.008	1	1	301	9	1	28	2292	0
3.009	1	1	301	10	1	28	2292	0
3.017	1	1	302	8	1	28	2292	0
3.02	1	1	303	1	1	28	2292	0
3.021	1	1	303	2	1	28	2292	0
3.022	1	1	303	3	1	28	2292	0
3.023	1	1	303	4	1	28	2292	0
3.037	1	1	304	8	1	26	1908	0
3.038	1	1	304	9	1	26	1908	0
3.053	1	1	306	4	1	10	549	0
3.054	1	1	306	5	1	10	549	0
3.055	1	1	306	6	1	10	549	0
3.056	1	1	306	7	1	10	549	0
3.057	1	1	306	8	1	10	549	0
3.058	1	1	306	9	1	10	549	0
3.06	1	1	307	1	1	4	225	0
3.061	1	1	307	2	1	6	325	0
3.062	1	1	307	3	1	6	325	0
3.069	1	1	307	10	1	20	1335	0
3.071	1	1	308	2	1	20	1335	0
3.072	1	1	308	3	1	20	1335	0
3.073	1	1	308	4	1	20	1335	0
3.074	1	1	308	5	1	20	1335	0
3.075	1	1	308	6	1	20	1335	0
3.076	1	1	308	7	1	20	1335	0
3.086	1	1	309	7	1	28	2292	0
3.089	1	1	309	10	1	28	2292	0
3.09	1	1	310	1	1	28	2292	0
3.091	1	1	310	2	1	28	2292	0
3.092	1	1	310	3	1	28	2292	0
3.093	1	1	310	4	1	28	2292	0
3.102	1	1	311	3	1	28	2292	0
3.104	1	1	311	5	1	28	2292	0
3.105	1	1	311	6	1	28	2292	0
3.106	1	1	311	7	1	28	2292	0
3.107	1	1	311	8	1	28	2292	0
3.108	1	1	311	9	1	28	2292	0
3.109	1	1	311	10	1	28	2292	0
3.122	1	1	313	3	1	28	2292	0
3.123	1	1	313	4	1	28	2292	0
3.124	1	1	313	5	1	28	2292	0
3.125	1	1	313	6	1	28	2292	0
3.139	1	1	314	10	1	28	2292	0
3.14	1	1	315	1	1	28	2292	0
3.141	1	1	315	2	1	28	2292	0
3.155	1	1	316	6	1	28	2292	0
3.156	1	1	316	7	1	28	2292	0
3.157	1	1	316	8	1	28	2292	0
3.158	1	1	316	9	1	28	2292	0
3.159	1	1	316	10	1	28	2292	0
3.16	1	1	317	1	1	28	2292	0
3.161	1	1	317	2	1	28	2292	0
3.162	1	1	317	3	1	28	2292	0
3.163	1	1	317	4	1	28	2292	0
3.164	1	1	317	5	1	28	2292	0
3.165	1	1	317	6	1	28	2292	0
3.166	1	1	317	7	1	28	2292	0
3.167	1	1	317	8	1	28	2292	0
3.168	1	1	317	9	1	28	2292	0
3.169	1	1	317	10	1	28	2292	0
3.17	1	1	318	1	1	28	2292	0
3.171	1	1	318	2	1	28	2292	0
3.172	1	1	318	3	1	28	2292	0
3.173	1	1	318	4	1	28	2292	0
3.174	1	1	318	5	1	28	2292	0
3.175	1	1	318	6	1	28	2292	0
3.176	1	1	318	7	1	28	2292	0
3.177	1	1	318	8	1	28	2292	0
3.184	1	1	319	5	1	28	2292	0
3.196	1	1	320	7	1	28	2292	0
3.197	1	1	320	8	1	28	2292	0
3.198	1	1	320	9	1	28	2292	0
3.201	1	1	321	2	1	28	2292	0
3.202	1	1	321	3	1	28	2292	0
3.211	1	1	322	2	1	28	2292	0
3.215	1	1	322	6	1	28	2292	0
3.216	1	1	322	7	1	28	2292	0
3.218	1	1	322	9	1	28	2292	0
3.231	1	1	324	2	1	28	2292	0
3.247	1	1	325	8	1	28	2292	0
3.248	1	1	325	9	1	28	2292	0
3.251	1	1	326	2	1	28	2292	0
3.271	1	1	328	2	1	28	2292	0
3.291	1	1	330	2	1	20	1335	0
3.302	1	1	331	3	1	20	1335	0
3.311	1	1	332	2	1	24	1692	0
3.318	1	1	332	9	1	28	2292	0
3.322	1	1	333	3	1	28	2292	0
3.333	1	1	334	4	1	28	2292	0
3.348	1	1	335	9	1	28	2292	0
3.349	1	1	335	10	1	28	2292	0
3.35	1	1	336	1	1	28	2292	0
3.351	1	1	336	2	1	28	2292	0
3.353	1	1	336	4	1	28	2292	0
3.354	1	1	336	5	1	28	2292	0
3.355	1	1	336	6	1	28	2292	0
3.356	1	1	336	7	1	28	2292	0
3.357	1	1	336	8	1	28	2292	0
3.358	1	1	336	9	1	28	2292	0
3.359	1	1	336	10	1	28	2292	0
3.36	1	1	337	1	1	28	2292	0
3.361	1	1	337	2	1	28	2292	0
3.362	1	1	337	3	1	28	2292	0
3.363	1	1	337	4	1	28	2292	0
3.364	1	1	337	5	1	28	2292	0
3.365	1	1	337	6	1	28	2292	0
3.366	1	1	337	7	1	28	2292	0
3.367	1	1	337	8	1	28	2292	0
3.368	1	1	337	9	1	28	2292	0
3.386	1	1	339	7	1	28	2292	0
3.387	1	1	339	8	1	28	2292	0
3.388	1	1	339	9	1	28	2292	0
3.389	1	1	339	10	1	28	2292	0
3.39	1	1	340	1	1	28	2292	0
3.391	1	1	340	2	1	28	2292	0
3.392	1	1	340	3	1	28	2292	0
3.393	1	1	340	4	1	28	2292	0
3.401	1	1	341	2	1	24	1692	0
3.402	1	1	341	3	1	24	1692	0
3.403	1	1	341	4	1	24	1692	0
3.404	1	1	341	5	1	24	1692	0
3.405	1	1	341	6	1	24	1692	0
3.406	1	1	341	7	1	24	1692	0
3.407	1	1	341	8	1	24	1692	0
3.408	1	1	341	9	1	22	1431	0
3.409	1	1	341	10	1	22	1431	0
3.41	1	1	342	1	1	22	1431	0
3.411	1	1	342	2	1	20	1335	0
3.412	1	1	342	3	1	20	1335	0
3.413	1	1	342	4	1	20	1335	0
3.414	1	1	342	5	1	20	1335	0
3.415	1	1	342	6	1	20	1335	0
3.416	1	1	342	7	1	20	1335	0
3.417	1	1	342	8	1	22	1431	0
3.418	1	1	342	9	1	22	1431	0
3.419	1	1	342	10	1	22	1431	0
3.42	1	1	343	1	1	24	1692	0
3.421	1	1	343	2	1	24	1692	0
3.422	1	1	343	3	1	24	1692	0
3.423	1	1	343	4	1	24	1692	0
3.424	1	1	343	5	1	24	1692	0
3.425	1	1	343	6	1	26	1908	0
3.426	1	1	343	7	1	26	1908	0
3.427	1	1	343	8	1	26	1908	0
3.428	1	1	343	9	1	26	1908	0
3.429	1	1	343	10	1	28	2292	0
3.43	1	1	344	1	1	28	2292	0
3.431	1	1	344	2	1	28	2292	0
3.432	1	1	344	3	1	28	2292	0
3.433	1	1	344	4	1	28	2292	0
3.434	1	1	344	5	1	28	2292	0
3.435	1	1	344	6	1	28	2292	0
3.437	1	1	344	8	1	28	2292	0
3.438	1	1	344	9	1	28	2292	0
3.451	1	1	346	2	1	28	2292	0
3.452	1	1	346	3	1	28	2292	0
3.453	1	1	346	4	1	28	2292	0
3.454	1	1	346	5	1	28	2292	0
3.455	1	1	346	6	1	28	2292	0
3.467	1	1	347	8	1	28	2292	0
3.487	1	1	349	8	1	28	2292	0
3.494	1	1	350	5	1	28	2292	0
3.507	1	1	351	8	1	28	2292	0
3.508	1	1	351	9	1	28	2292	0
3.509	1	1	351	10	1	28	2292	0
3.51	1	1	352	1	1	28	2292	0
3.512	1	1	352	3	1	28	2292	0
3.513	1	1	352	4	1	28	2292	0
3.514	1	1	352	5	1	28	2292	0
3.523	1	1	353	4	1	28	2292	0
3.525	1	1	353	6	1	28	2292	0
3.539	1	1	354	10	1	28	2292	0
3.542	1	1	355	3	1	28	2292	0
3.543	1	1	355	4	1	28	2292	0
3.544	1	1	355	5	1	28	2292	0
3.574	1	1	358	5	1	28	2292	0
3.576	1	1	358	7	1	28	2292	0
3.577	1	1	358	8	1	28	2292	0
3.578	1	1	358	9	1	28	2292	0
3.581	1	1	359	2	1	26	1908	0
3.589	1	1	359	10	1	26	1908	0
3.604	1	1	361	5	1	20	1335	0
3.608	1	1	361	9	1	20	1335	0
3.609	1	1	361	10	1	20	1335	0
3.61	1	1	362	1	1	20	1335	0
3.611	1	1	362	2	1	18	1143	0
3.612	1	1	362	3	1	18	1143	0
3.613	1	1	362	4	1	18	1143	0
3.614	1	1	362	5	1	18	1143	0
3.615	1	1	362	6	1	16	967	0
3.616	1	1	362	7	1	16	967	0
3.617	1	1	362	8	1	16	967	0
3.618	1	1	362	9	1	16	967	0
3.619	1	1	362	10	1	16	967	0
3.62	1	1	363	1	1	16	967	0
3.621	1	1	363	2	1	14	807	0
3.622	1	1	363	3	1	14	807	0
3.623	1	1	363	4	1	14	807	0
3.624	1	1	363	5	1	14	807	0
3.625	1	1	363	6	1	14	807	0
3.626	1	1	363	7	1	14	807	0
3.627	1	1	363	8	1	14	807	0
3.628	1	1	363	9	1	14	807	0
3.629	1	1	363	10	1	14	807	0
3.63	1	1	364	1	1	14	807	0
3.637	1	1	364	8	1	14	807	0
3.638	1	1	364	9	1	14	807	0
3.653	1	1	366	4	1	14	807	0
3.654	1	1	366	5	1	14	807	0
3.655	1	1	366	6	1	14	807	0
3.656	1	1	366	7	1	14	807	0
3.657	1	1	366	8	1	14	807	0
3.658	1	1	366	9	1	14	807	0
3.659	1	1	366	10	1	14	807	0
3.66	1	1	367	1	1	18	1143	0
3.661	1	1	367	2	1	18	1143	0
3.662	1	1	367	3	1	18	1143	0
3.663	1	1	367	4	1	18	1143	0
3.664	1	1	367	5	1	18	1143	0
3.671	1	1	368	2	1	18	1143	0
3.672	1	1	368	3	1	18	1143	0
3.673	1	1	368	4	1	18	1143	0
3.674	1	1	368	5	1	18	1143	0
3.675	1	1	368	6	1	18	1143	0
3.679	1	1	368	10	1	20	1335	0
3.68	1	1	369	1	1	20	1335	0
3.695	1	1	370	6	1	20	1335	0
3.697	1	1	370	8	1	20	1335	0
3.698	1	1	370	9	1	20	1335	0
3.699	1	1	370	10	1	20	1335	0
3.7	1	1	371	1	1	20	1335	0
3.701	1	1	371	2	1	20	1335	0
3.702	1	1	371	3	1	24	1692	0
3.71	1	1	372	1	1	24	1692	0
3.714	1	1	372	5	1	24	1692	0
3.715	1	1	372	6	1	24	1692	0
3.716	1	1	372	7	1	24	1692	0
3.717	1	1	372	8	1	24	1692	0
3.719	1	1	372	10	1	24	1692	0
3.73	1	1	374	1	1	24	1692	0
3.731	1	1	374	2	1	24	1692	0
3.733	1	1	374	4	1	24	1692	0
3.734	1	1	374	5	1	24	1692	0
3.736	1	1	374	7	1	24	1692	0
3.747	1	1	375	8	1	16	967	0
3.748	1	1	375	9	1	16	967	0
3.749	1	1	375	10	1	16	967	0
3.75	1	1	376	1	1	16	967	0
3.751	1	1	376	2	1	16	967	0
3.752	1	1	376	3	1	16	967	0
3.753	1	1	376	4	1	16	967	0
3.754	1	1	376	5	1	6	325	0
3.755	1	1	376	6	1	6	325	0
3.756	1	1	376	7	1	6	325	0
3.757	1	1	376	8	1	6	325	0
3.758	1	1	376	9	1	6	325	0
3.759	1	1	376	10	1	6	325	0
3.76	1	1	377	1	1	6	325	0
3.767	1	1	377	8	1	2	137	0
3.768	1	1	377	9	1	2	137	0
3.769	1	1	377	10	1	2	137	0
3.77	1	1	378	1	1	2	137	0
3.771	1	1	378	2	1	2	137	0
3.772	1	1	378	3	1	2	137	0
3.773	1	1	378	4	1	2	137	0
3.774	1	1	378	5	1	2	137	0
3.775	1	1	378	6	1	2	137	0
3.776	1	1	378	7	1	2	137	0
3.777	1	1	378	8	1	2	137	0
3.778	1	1	378	9	1	2	137	0
3.779	1	1	378	10	1	2	137	0
3.78	1	1	379	1	1	2	137	0
3.781	1	1	379	2	1	2	137	0
3.782	1	1	379	3	1	2	137	0
3.783	1	1	379	4	1	2	137	0
3.784	1	1	379	5	1	2	137	0
3.785	1	1	379	6	1	2	137	0
3.786	1	1	379	7	1	2	137	0
3.787	1	1	379	8	1	2	137	0
3.788	1	1	379	9	1	8	437	0
3.789	1	1	379	10	1	8	437	0
3.79	1	1	380	1	1	8	437	0
3.791	1	1	380	2	1	8	437	0
3.792	1	1	380	3	1	8	437	0
3.796	1	1	380	7	1	8	437	0
3.797	1	1	380	8	1	8	437	0
3.798	1	1	380	9	1	10	549	0
3.799	1	1	380	10	1	10	549	0
3.8	1	1	381	1	1	10	549	0
3.806	1	1	381	7	1	10	549	0
3.807	1	1	381	8	1	10	549	0
3.808	1	1	381	9	1	10	549	0
3.809	1	1	381	10	1	10	549	0
3.81	1	1	382	1	1	10	549	0
3.811	1	1	382	2	1	10	549	0
3.812	1	1	382	3	1	10	549	0
3.813	1	1	382	4	1	10	549	0
3.814	1	1	382	5	1	4	225	0
3.815	1	1	382	6	1	4	225	0
3.816	1	1	382	7	1	4	225	0
3.817	1	1	382	8	1	4	225	0
3.818	1	1	382	9	1	4	225	0
3.819	1	1	382	10	1	4	225	0
3.82	1	1	383	1	1	4	225	0
3.821	1	1	383	2	1	4	225	0
3.822	1	1	383	3	1	4	225	0
3.823	1	1	383	4	1	4	225	0
3.824	1	1	383	5	1	0	85	0
3.825	1	1	383	6	1	0	85	0
3.826	1	1	383	7	1	0	85	0
3.827	1	1	383	8	1	0	85	0
3.828	1	1	383	9	1	0	85	0
3.829	1	1	383	10	1	0	85	0
3.83	1	1	384	1	1	0	85	0
3.831	1	1	384	2	1	0	85	0
3.832	1	1	384	3	1	0	85	0
3.833	1	1	384	4	1	0	85	0
3.834	1	1	384	5	1	12	621	0
3.835	1	1	384	6	1	12	621	0
3.836	1	1	384	7	1	12	621	0
3.837	1	1	384	8	1	12	621	0
3.838	1	1	384	9	1	12	621	0
3.839	1	1	384	10	1	12	621	0
3.84	1	1	385	1	1	12	621	0
3.841	1	1	385	2	1	18	1143	0
3.842	1	1	385	3	1	18	1143	0
3.843	1	1	385	4	1	18	1143	0
3.844	1	1	385	5	1	20	1335	0
3.845	1	1	385	6	1	20	1335	0
3.846	1	1	385	7	1	20	1335	0
3.847	1	1	385	8	1	20	1335	0
3.848	1	1	385	9	1	18	1143	0
3.849	1	1	385	10	1	18	1143	0
3.85	1	1	386	1	1	16	967	0
3.851	1	1	386	2	1	14	807	0
3.852	1	1	386	3	1	14	807	0
3.853	1	1	386	4	1	14	807	0
3.854	1	1	386	5	1	12	621	0
3.855	1	1	386	6	1	12	621	0
3.856	1	1	386	7	1	12	621	0
3.857	1	1	386	8	1	10	549	0
3.858	1	1	386	9	1	6	325	0
3.859	1	1	386	10	1	4	225	0
3.86	1	1	387	1	1	2	137	0
3.861	1	1	387	2	1	2	137	0
3.862	1	1	387	3	1	2	137	0
3.863	1	1	387	4	1	2	137	0
3.864	1	1	387	5	1	8	437	0
3.865	1	1	387	6	1	8	437	0
3.866	1	1	387	7	1	8	437	0
3.867	1	1	387	8	1	8	437	0
3.868	1	1	387	9	1	14	807	0
3.869	1	1	387	10	1	14	807	0
3.87	1	1	388	1	1	16	967	0
3.871	1	1	388	2	1	16	967	0
3.872	1	1	388	3	1	18	1143	0
3.878	1	1	388	9	1	20	1335	0
3.879	1	1	388	10	1	20	1335	0
3.88	1	1	389	1	1	20	1335	0
3.899	1	1	390	10	1	22	1431	0
3.9	1	1	391	1	1	22	1431	0
3.902	1	1	391	3	1	22	1431	0
3.903	1	1	391	4	1	22	1431	0
3.905	1	1	391	6	1	22	1431	0
3.906	1	1	391	7	1	22	1431	0
3.915	1	1	392	6	1	22	1431	0
3.917	1	1	392	8	1	22	1431	0
3.918	1	1	392	9	1	22	1431	0
3.919	1	1	392	10	1	22	1431	0
3.92	1	1	393	1	1	22	1431	0
3.921	1	1	393	2	1	26	1908	0
3.922	1	1	393	3	1	26	1908	0
3.931	1	1	394	2	1	26	1908	0
3.933	1	1	394	4	1	26	1908	0
3.934	1	1	394	5	1	26	1908	0
3.935	1	1	394	6	1	26	1908	0
3.936	1	1	394	7	1	26	1908	0
3.937	1	1	394	8	1	26	1908	0
3.938	1	1	394	9	1	28	2292	0
3.947	1	1	395	8	1	28	2292	0
3.949	1	1	395	10	1	28	2292	0
3.95	1	1	396	1	1	28	2292	0
3.951	1	1	396	2	1	28	2292	0
3.952	1	1	396	3	1	28	2292	0
3.953	1	1	396	4	1	28	2292	0
3.954	1	1	396	5	1	24	1692	0
3.963	1	1	397	4	1	22	1431	0
3.983	1	1	399	4	1	22	1431	0
4.003	1	1	401	4	1	12	621	0
4.012	1	1	402	3	1	12	621	0
4.023	1	1	403	4	1	12	621	0
4.039	1	1	404	10	1	12	621	0
4.054	1	1	406	5	1	28	2292	0
4.055	1	1	406	6	1	28	2292	0
4.056	1	1	406	7	1	28	2292	0
4.057	1	1	406	8	1	28	2292	0
4.058	1	1	406	9	1	28	2292	0
4.059	1	1	406	10	1	28	2292	0
4.06	1	1	407	1	1	28	2292	0
4.061	1	1	407	2	1	28	2292	0
4.062	1	1	407	3	1	28	2292	0
4.063	1	1	407	4	1	28	2292	0
4.064	1	1	407	5	1	28	2292	0
4.065	1	1	407	6	1	28	2292	0
4.066	1	1	407	7	1	28	2292	0
4.067	1	1	407	8	1	28	2292	0
4.068	1	1	407	9	1	28	2292	0
4.085	1	1	409	6	1	22	1431	0
4.092	1	1	410	3	1	6	325	0
4.093	1	1	410	4	1	6	325	0
4.094	1	1	410	5	1	6	325	0
4.095	1	1	410	6	1	6	325	0
4.096	1	1	410	7	1	6	325	0
4.097	1	1	410	8	1	6	325	0
4.098	1	1	410	9	1	6	325	0
4.099	1	1	410	10	1	8	437	0
4.1	1	1	411	1	1	10	549	0
4.101	1	1	411	2	1	12	621	0
4.102	1	1	411	3	1	14	807	0
4.103	1	1	411	4	1	14	807	0
4.104	1	1	411	5	1	16	967	0
4.105	1	1	411	6	1	18	1143	0
4.106	1	1	411	7	1	18	1143	0
4.107	1	1	411	8	1	20	1335	0
4.108	1	1	411	9	1	20	1335	0
4.109	1	1	411	10	1	20	1335	0
4.11	1	1	412	1	1	20	1335	0
4.111	1	1	412	2	1	20	1335	0
4.124	1	1	413	5	1	24	1692	0
4.126	1	1	413	7	1	24	1692	0
4.127	1	1	413	8	1	24	1692	0
4.131	1	1	414	2	1	24	1692	0
4.134	1	1	414	5	1	24	1692	0
4.151	1	1	416	2	1	24	1692	0
4.154	1	1	416	5	1	24	1692	0
4.157	1	1	416	8	1	24	1692	0
4.16	1	1	417	1	1	24	1692	0
4.17	1	1	418	1	1	28	2292	0
4.172	1	1	418	3	1	28	2292	0
4.173	1	1	418	4	1	28	2292	0
4.174	1	1	418	5	1	28	2292	0
4.175	1	1	418	6	1	28	2292	0
4.177	1	1	418	8	1	28	2292	0
4.186	1	1	419	7	1	28	2292	0
4.188	1	1	419	9	1	28	2292	0
4.189	1	1	419	10	1	28	2292	0
4.191	1	1	420	2	1	28	2292	0
4.205	1	1	421	6	1	28	2292	0
4.206	1	1	421	7	1	28	2292	0
4.226	1	1	423	7	1	28	2292	0
4.246	1	1	425	7	1	20	1335	0
4.264	1	1	427	5	1	28	2292	0
4.274	1	1	428	5	1	28	2292	0
4.284	1	1	429	5	1	28	2292	0
4.304	1	1	431	5	1	28	2292	0
4.324	1	1	433	5	1	26	1908	0
4.344	1	1	435	5	1	26	1908	0
4.352	1	1	436	3	1	26	1908	0
4.372	1	1	438	3	1	28	2292	0
4.392	1	1	440	3	1	28	2292	0
4.412	1	1	442	3	1	28	2292	0
4.414	1	1	442	5	1	28	2292	0
4.416	1	1	442	7	1	28	2292	0
4.417	1	1	442	8	1	28	2292	0
4.432	1	1	444	3	1	24	1692	0
4.434	1	1	444	5	1	24	1692	0
4.448	1	1	445	9	1	2	137	0
4.449	1	1	445	10	1	2	137	0
4.454	1	1	446	5	1	2	137	0
4.455	1	1	446	6	1	18	1143	0
4.464	1	1	447	5	1	20	1335	0
4.467	1	1	447	8	1	20	1335	0
4.468	1	1	447	9	1	20	1335	0
4.48	1	1	449	1	1	24	1692	0
4.486	1	1	449	7	1	28	2292	0
4.487	1	1	449	8	1	28	2292	0
4.496	1	1	450	7	1	28	2292	0
4.497	1	1	450	8	1	28	2292	0
4.498	1	1	450	9	1	28	2292	0
4.501	1	1	451	2	1	28	2292	0
4.502	1	1	451	3	1	28	2292	0
4.503	1	1	451	4	1	26	1908	0
4.504	1	1	451	5	1	26	1908	0
4.505	1	1	451	6	1	26	1908	0
4.506	1	1	451	7	1	26	1908	0
4.507	1	1	451	8	1	26	1908	0
4.508	1	1	451	9	1	26	1908	0
4.525	1	1	453	6	1	22	1431	0
4.526	1	1	453	7	1	22	1431	0
4.527	1	1	453	8	1	22	1431	0
4.528	1	1	453	9	1	22	1431	0
4.529	1	1	453	10	1	22	1431	0
4.53	1	1	454	1	1	22	1431	0
4.545	1	1	455	6	1	18	1143	0
4.546	1	1	455	7	1	18	1143	0
4.547	1	1	455	8	1	18	1143	0
4.548	1	1	455	9	1	18	1143	0
4.549	1	1	455	10	1	18	1143	0
4.55	1	1	456	1	1	18	1143	0
4.551	1	1	456	2	1	18	1143	0
4.555	1	1	456	6	1	18	1143	0
4.556	1	1	456	7	1	18	1143	0
4.557	1	1	456	8	1	18	1143	0
4.558	1	1	456	9	1	18	1143	0
4.559	1	1	456	10	1	18	1143	0
4.56	1	1	457	1	1	18	1143	0
4.566	1	1	457	7	1	18	1143	0
4.573	1	1	458	4	1	0	85	0
4.574	1	1	458	5	1	0	85	0
4.575	1	1	458	6	1	0	85	0
4.576	1	1	458	7	1	0	85	0
4.577	1	1	458	8	1	0	85	0
4.578	1	1	458	9	1	0	85	0
4.579	1	1	458	10	1	0	85	0
4.58	1	1	459	1	1	0	85	0
4.581	1	1	459	2	1	0	85	0
4.582	1	1	459	3	1	0	85	0
4.583	1	1	459	4	1	0	85	0
4.584	1	1	459	5	1	0	85	0
4.585	1	1	459	6	1	0	85	0
4.586	1	1	459	7	1	0	85	0
4.587	1	1	459	8	1	0	85	0
4.588	1	1	459	9	1	0	85	0
4.589	1	1	459	10	1	0	85	0
4.59	1	1	460	1	1	0	85	0
4.591	1	1	460	2	1	0	85	0
4.592	1	1	460	3	1	0	85	0
4.593	1	1	460	4	1	0	85	0
4.594	1	1	460	5	1	0	85	0
4.595	1	1	460	6	1	0	85	0
4.596	1	1	460	7	1	0	85	0
4.597	1	1	460	8	1	0	85	0
4.598	1	1	460	9	1	0	85	0
4.641	1	1	465	2	1	0	85	0
4.642	1	1	465	3	1	0	85	0
4.643	1	1	465	4	1	0	85	0
4.644	1	1	465	5	1	0	85	0
4.645	1	1	465	6	1	0	85	0
4.646	1	1	465	7	1	0	85	0
4.647	1	1	465	8	1	0	85	0
4.648	1	1	465	9	1	0	85	0
4.649	1	1	465	10	1	0	85	0
4.65	1	1	466	1	1	0	85	0
4.651	1	1	466	2	1	0	85	0
4.652	1	1	466	3	1	4	225	0
4.653	1	1	466	4	1	4	225	0
4.654	1	1	466	5	1	4	225	0
4.655	1	1	466	6	1	4	225	0
4.656	1	1	466	7	1	4	225	0
4.657	1	1	466	8	1	4	225	0
4.658	1	1	466	9	1	4	225	0
4.659	1	1	466	10	1	4	225	0
4.66	1	1	467	1	1	4	225	0
4.853	3	1	486	4	1	0	85	0
4.873	3	1	488	4	1	0	85	0
4.893	3	1	490	4	1	28	2292	0
4.913	3	1	492	4	1	28	2292	0
4.933	3	1	494	4	1	28	2292	0
4.953	3	1	496	4	1	28	2292	0
4.988	3	1	499	9	1	20	1335	0
5.023	3	1	503	4	1	28	2292	0
5.058	3	1	506	9	1	28	2292	0
5.059	3	1	506	10	1	28	2292	0
5.094	3	1	510	5	1	28	2292	0
5.095	3	1	510	6	1	28	2292	0
5.115	3	1	512	6	1	22	1431	0
5.123	3	1	513	4	1	28	2292	0
5.13	3	1	514	1	1	28	2292	0
5.15	3	1	516	1	1	28	2292	0
5.151	3	1	516	2	1	28	2292	0
5.152	3	1	516	3	1	28	2292	0
5.172	3	1	518	3	1	28	2292	0
5.179	3	1	518	10	1	28	2292	0
5.187	3	1	519	8	1	28	2292	0
5.188	3	1	519	9	1	28	2292	0
5.223	3	1	523	4	1	16	967	0
5.266	3	1	527	7	1	22	1431	0
5.286	3	1	529	7	1	24	1692	0
5.29	3	1	530	1	1	24	1692	0
5.291	3	1	530	2	1	24	1692	0
5.321	3	1	533	2	1	22	1431	0
5.322	3	1	533	3	1	22	1431	0
5.356	3	1	536	7	1	22	1431	0
5.357	3	1	536	8	1	22	1431	0
5.391	3	1	540	2	1	22	1431	0
5.392	3	1	540	3	1	22	1431	0
5.426	3	1	543	7	1	26	1908	0
5.427	3	1	543	8	1	26	1908	0
5.461	3	1	547	2	1	28	2292	0
5.462	3	1	547	3	1	28	2292	0
5.496	3	1	550	7	1	28	2292	0
5.497	3	1	550	8	1	28	2292	0
5.531	3	1	554	2	1	28	2292	0
5.532	3	1	554	3	1	28	2292	0
5.552	3	1	556	3	1	28	2292	0
5.559	3	1	556	10	1	28	2292	0
5.572	3	1	558	3	1	22	1431	0
5.592	3	1	560	3	1	22	1431	0
5.611	3	1	562	2	1	28	2292	0
5.612	3	1	562	3	1	28	2292	0
5.634	3	1	564	5	1	28	2292	0
5.669	3	1	567	10	1	28	2292	0
5.67	3	1	568	1	1	28	2292	0
5.704	3	1	571	5	1	28	2292	0
5.705	3	1	571	6	1	28	2292	0
5.739	3	1	574	10	1	28	2292	0
5.74	3	1	575	1	1	28	2292	0
5.774	3	1	578	5	1	28	2292	0
5.775	3	1	578	6	1	28	2292	0
5.809	3	1	581	10	1	28	2292	0
5.81	3	1	582	1	1	28	2292	0
5.83	3	1	584	1	1	28	2292	0
5.837	3	1	584	8	1	28	2292	0
5.844	3	1	585	5	1	6	325	0
5.845	3	1	585	6	1	6	325	0
5.846	3	1	585	7	1	6	325	0
5.847	3	1	585	8	1	6	325	0
5.865	3	1	587	6	1	28	2292	0
5.88	3	1	589	1	1	28	2292	0
5.881	3	1	589	2	1	28	2292	0
5.915	3	1	592	6	1	28	2292	0
5.916	3	1	592	7	1	28	2292	0
5.95	3	1	596	1	1	28	2292	0
5.971	3	1	598	2	1	20	1335	0
5.985	3	1	599	6	1	22	1431	0
6.005	3	1	601	6	1	28	2292	0
6.006	3	1	601	7	1	28	2292	0
6.007	3	1	601	8	1	28	2292	0
6.04	3	1	605	1	1	28	2292	0
6.041	3	1	605	2	1	28	2292	0
6.042	3	1	605	3	1	28	2292	0
6.058	3	1	606	9	1	28	2292	0
6.075	3	1	608	6	1	28	2292	0
6.095	3	1	610	6	1	28	2292	0
6.15	3	1	616	1	1	2	137	0
6.151	3	1	616	2	1	2	137	0
6.17	3	1	618	1	1	16	967	0
6.179	3	1	618	10	1	16	967	0
6.186	3	1	619	7	1	14	807	0
6.187	3	1	619	8	1	14	807	0
6.207	3	1	621	8	1	24	1692	0
6.214	3	1	622	5	1	28	2292	0
6.221	3	1	623	2	1	28	2292	0
6.241	3	1	625	2	1	28	2292	0
6.242	3	1	625	3	1	28	2292	0
6.243	3	1	625	4	1	28	2292	0
6.244	3	1	625	5	1	28	2292	0
6.249	3	1	625	10	1	28	2292	0
6.269	3	1	627	10	1	28	2292	0
6.27	3	1	628	1	1	28	2292	0
6.276	3	1	628	7	1	28	2292	0
6.277	3	1	628	8	1	28	2292	0
6.297	3	1	630	8	1	28	2292	0
6.298	3	1	630	9	1	28	2292	0
6.304	3	1	631	5	1	28	2292	0
6.305	3	1	631	6	1	28	2292	0
6.325	3	1	633	6	1	28	2292	0
6.356	3	1	636	7	1	28	2292	0
6.36	3	1	637	1	1	28	2292	0
6.391	3	1	640	2	1	28	2292	0
6.392	3	1	640	3	1	28	2292	0
6.393	3	1	640	4	1	28	2292	0
6.426	3	1	643	7	1	4	225	0
6.427	3	1	643	8	1	4	225	0
6.428	3	1	643	9	1	4	225	0
6.429	3	1	643	10	1	4	225	0
6.43	3	1	644	1	1	4	225	0
6.431	3	1	644	2	1	4	225	0
6.448	3	1	645	9	1	28	2292	0
6.462	3	1	647	3	1	28	2292	0
6.463	3	1	647	4	1	28	2292	0
6.484	3	1	649	5	1	28	2292	0
6.518	3	1	652	9	1	28	2292	0
6.521	3	1	653	2	1	28	2292	0
6.522	3	1	653	3	1	28	2292	0
6.524	3	1	653	5	1	28	2292	0
6.553	3	1	656	4	1	28	2292	0
6.554	3	1	656	5	1	28	2292	0
6.555	3	1	656	6	1	28	2292	0
6.556	3	1	656	7	1	28	2292	0
6.611	3	1	662	2	1	24	1692	0
6.612	3	1	662	3	1	24	1692	0
6.613	3	1	662	4	1	24	1692	0
6.614	3	1	662	5	1	24	1692	0
6.646	3	1	665	7	1	28	2292	0
6.647	3	1	665	8	1	28	2292	0
6.648	3	1	665	9	1	28	2292	0
6.649	3	1	665	10	1	28	2292	0
6.681	3	1	669	2	1	28	2292	0
6.682	3	1	669	3	1	28	2292	0
6.683	3	1	669	4	1	28	2292	0
6.684	3	1	669	5	1	28	2292	0
6.685	3	1	669	6	1	28	2292	0
6.716	3	1	672	7	1	28	2292	0
6.717	3	1	672	8	1	28	2292	0
6.718	3	1	672	9	1	28	2292	0
6.719	3	1	672	10	1	28	2292	0
6.72	3	1	673	1	1	28	2292	0
6.751	3	1	676	2	1	28	2292	0
6.752	3	1	676	3	1	28	2292	0
6.753	3	1	676	4	1	28	2292	0
6.754	3	1	676	5	1	28	2292	0
6.755	3	1	676	6	1	28	2292	0
6.81	3	1	682	1	1	28	2292	0
6.811	3	1	682	2	1	28	2292	0
6.812	3	1	682	3	1	28	2292	0
6.818	3	1	682	9	1	28	2292	0
6.832	3	1	684	3	1	16	967	0
6.837	3	1	684	8	1	16	967	0
6.839	3	1	684	10	1	16	967	0
6.852	3	1	686	3	1	28	2292	0
6.865	3	1	687	6	1	28	2292	0
6.872	3	1	688	3	1	28	2292	0
6.895	3	1	690	6	1	28	2292	0
6.915	3	1	692	6	1	28	2292	0
6.932	3	1	694	3	1	22	1431	0
6.933	3	1	694	4	1	22	1431	0
6.967	3	1	697	8	1	28	2292	0
6.968	3	1	697	9	1	28	2292	0
6.969	3	1	697	10	1	28	2292	0
6.971	3	1	698	2	1	28	2292	0
6.972	3	1	698	3	1	28	2292	0
6.995	3	1	700	6	1	28	2292	0
7.008	3	1	701	9	1	18	1143	0
7.015	3	1	702	6	1	18	1143	0
7.035	3	1	704	6	1	14	807	0
7.05	3	1	706	1	1	18	1143	0
7.051	3	1	706	2	1	18	1143	0
7.053	3	1	706	4	1	18	1143	0
7.073	3	1	708	4	1	0	85	0
7.074	3	1	708	5	1	0	85	0
7.075	3	1	708	6	1	0	85	0
7.078	3	1	708	9	1	0	85	0
7.079	3	1	708	10	1	0	85	0
7.08	3	1	709	1	1	0	85	0
7.085	3	1	709	6	1	24	1692	0
7.092	3	1	710	3	1	26	1908	0
7.118	3	1	712	9	1	26	1908	0
7.142	3	1	715	3	1	28	2292	0
7.145	3	1	715	6	1	28	2292	0
7.146	3	1	715	7	1	28	2292	0
7.149	3	1	715	10	1	28	2292	0
7.177	3	1	718	8	1	26	1908	0
7.178	3	1	718	9	1	26	1908	0
7.179	3	1	718	10	1	26	1908	0
7.18	3	1	719	1	1	26	1908	0
7.181	3	1	719	2	1	26	1908	0
7.182	3	1	719	3	1	26	1908	0
7.215	3	1	722	6	1	24	1692	0
7.268	3	1	727	9	1	20	1335	0
7.304	3	1	731	5	1	20	1335	0
7.305	3	1	731	6	1	20	1335	0
7.321	3	1	733	2	1	18	1143	0
7.341	3	1	735	2	1	18	1143	0
7.342	3	1	735	3	1	18	1143	0
7.346	3	1	735	7	1	18	1143	0
7.347	3	1	735	8	1	18	1143	0
7.376	3	1	738	7	1	28	2292	0
7.377	3	1	738	8	1	28	2292	0
7.378	3	1	738	9	1	28	2292	0
7.379	3	1	738	10	1	28	2292	0
7.38	3	1	739	1	1	28	2292	0
7.381	3	1	739	2	1	28	2292	0
7.401	3	1	741	2	1	24	1692	0
7.404	3	1	741	5	1	24	1692	0
7.411	3	1	742	2	1	22	1431	0
7.412	3	1	742	3	1	22	1431	0
7.413	3	1	742	4	1	22	1431	0
7.414	3	1	742	5	1	22	1431	0
7.415	3	1	742	6	1	22	1431	0
7.417	3	1	742	8	1	22	1431	0
7.437	3	1	744	8	1	20	1335	0
7.446	3	1	745	7	1	22	1431	0
7.447	3	1	745	8	1	22	1431	0
7.448	3	1	745	9	1	22	1431	0
7.449	3	1	745	10	1	22	1431	0
7.45	3	1	746	1	1	22	1431	0
7.451	3	1	746	2	1	22	1431	0
7.472	3	1	748	3	1	26	1908	0
7.484	3	1	749	5	1	22	1431	0
7.514	3	1	752	5	1	22	1431	0
7.521	3	1	753	2	1	22	1431	0
7.522	3	1	753	3	1	0	85	0
7.523	3	1	753	4	1	0	85	0
7.524	3	1	753	5	1	0	85	0
7.525	3	1	753	6	1	0	85	0
7.526	3	1	753	7	1	0	85	0
7.527	3	1	753	8	1	0	85	0
7.528	3	1	753	9	1	8	437	0
7.529	3	1	753	10	1	10	549	0
7.546	3	1	755	7	1	18	1143	0
7.555	3	1	756	6	1	18	1143	0
7.564	3	1	757	5	1	28	2292	0
7.566	3	1	757	7	1	28	2292	0
7.586	3	1	759	7	1	28	2292	0
7.589	3	1	759	10	1	28	2292	0
7.609	3	1	761	10	1	6	325	0
7.61	3	1	762	1	1	6	325	0
7.616	3	1	762	7	1	18	1143	0
7.617	3	1	762	8	1	18	1143	0
7.618	3	1	762	9	1	18	1143	0
7.619	3	1	762	10	1	18	1143	0
7.621	3	1	763	2	1	18	1143	0
7.623	3	1	763	4	1	20	1335	0
7.645	3	1	765	6	1	26	1908	0
7.656	3	1	766	7	1	26	1908	0
8.652	4	1	866	3	1	28	2292	0
8.852	4	1	886	3	1	28	2292	0
8.887	4	1	889	8	1	28	2292	0
8.907	4	1	891	8	1	28	2292	0
8.915	4	1	892	6	1	28	2292	0
8.922	4	1	893	3	1	28	2292	0
8.942	4	1	895	3	1	28	2292	0
8.962	4	1	897	3	1	4	225	0
9.001	4	1	901	2	1	28	2292	0
9.002	4	1	901	3	1	28	2292	0
9.022	4	1	903	3	1	28	2292	0
9.057	4	1	906	8	1	20	1335	0
9.077	4	1	908	8	1	14	807	0
9.097	4	1	910	8	1	22	1431	0
9.105	4	1	911	6	1	22	1431	0
9.114	4	1	912	5	1	28	2292	0
9.115	4	1	912	6	1	28	2292	0
9.15	4	1	916	1	1	28	2292	0
9.151	4	1	916	2	1	28	2292	0
9.152	4	1	916	3	1	28	2292	0
9.229	4	1	923	10	1	24	1692	0
9.249	4	1	925	10	1	28	2292	0
9.253	4	1	926	4	1	28	2292	0
9.269	4	1	927	10	1	28	2292	0
9.277	4	1	928	8	1	28	2292	0
9.289	4	1	929	10	1	28	2292	0
9.309	4	1	931	10	1	28	2292	0
9.329	4	1	933	10	1	18	1143	0
9.349	4	1	935	10	1	18	1143	0
9.369	4	1	937	10	1	14	807	0
9.374	4	1	938	5	1	14	807	0
9.394	4	1	940	5	1	14	807	0
9.397	4	1	940	8	1	14	807	0
9.401	4	1	941	2	1	20	1335	0
9.429	4	1	943	10	1	20	1335	0
9.43	4	1	944	1	1	20	1335	0
9.431	4	1	944	2	1	20	1335	0
9.432	4	1	944	3	1	20	1335	0
9.452	4	1	946	3	1	24	1692	0
9.457	4	1	946	8	1	24	1692	0
10.504	5	1	1051	5	1	12	621	0
10.524	5	1	1053	5	1	26	1908	0
10.704	5	1	1071	5	1	28	2292	0
10.724	5	1	1073	5	1	28	2292	0
10.744	5	1	1075	5	1	28	2292	0
10.764	5	1	1077	5	1	28	2292	0
10.819	5	1	1082	10	1	24	1692	0
10.854	5	1	1086	5	1	28	2292	0
10.889	5	1	1089	10	1	26	1908	0
10.924	5	1	1093	5	1	28	2292	0
10.925	5	1	1093	6	1	28	2292	0
10.959	5	1	1096	10	1	28	2292	0
10.96	5	1	1097	1	1	28	2292	0
10.994	5	1	1100	5	1	28	2292	0
10.995	5	1	1100	6	1	28	2292	0
11.015	5	1	1102	6	1	28	2292	0
11.023	5	1	1103	4	1	28	2292	0
11.031	5	1	1104	2	1	28	2292	0
11.035	5	1	1104	6	1	28	2292	0
11.051	5	1	1106	2	1	28	2292	0
11.055	5	1	1106	6	1	28	2292	0
11.075	5	1	1108	6	1	28	2292	0
11.095	5	1	1110	6	1	28	2292	0
11.098	5	1	1110	9	1	28	2292	0
11.118	5	1	1112	9	1	28	2292	0
11.123	5	1	1113	4	1	28	2292	0
11.138	5	1	1114	9	1	28	2292	0
11.158	5	1	1116	9	1	28	2292	0
11.178	5	1	1118	9	1	28	2292	0
11.213	5	1	1122	4	1	28	2292	0
11.214	5	1	1122	5	1	28	2292	0
11.234	5	1	1124	5	1	28	2292	0
11.235	5	1	1124	6	1	28	2292	0
11.241	5	1	1125	2	1	28	2292	0
11.248	5	1	1125	9	1	28	2292	0
11.268	5	1	1127	9	1	28	2292	0
11.269	5	1	1127	10	1	28	2292	0
11.288	5	1	1129	9	1	28	2292	0
11.3	5	1	1131	1	1	24	1692	0
11.301	5	1	1131	2	1	24	1692	0
11.302	5	1	1131	3	1	24	1692	0
11.335	5	1	1134	6	1	16	967	0
11.337	5	1	1134	8	1	16	967	0
11.357	5	1	1136	8	1	26	1908	0
11.358	5	1	1136	9	1	26	1908	0
11.37	5	1	1138	1	1	28	2292	0
11.385	5	1	1139	6	1	28	2292	0
11.39	5	1	1140	1	1	28	2292	0
11.392	5	1	1140	3	1	28	2292	0
11.41	5	1	1142	1	1	28	2292	0
11.414	5	1	1142	5	1	28	2292	0
11.42	5	1	1143	1	1	28	2292	0
11.429	5	1	1143	10	1	28	2292	0
11.434	5	1	1144	5	1	28	2292	0
11.452	5	1	1146	3	1	28	2292	0
11.47	6	1	1148	1	1	0	85	0
11.491	6	1	1150	2	1	28	2292	0
11.493	6	1	1150	4	1	28	2292	0
11.527	6	1	1153	8	1	22	1431	0
11.57	6	1	1158	1	1	28	2292	0
11.571	6	1	1158	2	1	28	2292	0
11.605	6	1	1161	6	1	24	1692	0
11.64	6	1	1165	1	1	22	1431	0
11.641	6	1	1165	2	1	28	2292	0
11.675	6	1	1168	6	1	28	2292	0
11.83	6	1	1184	1	1	28	2292	0
11.85	6	1	1186	1	1	28	2292	0
11.87	6	1	1188	1	1	28	2292	0
11.89	6	1	1190	1	1	28	2292	0
11.925	6	1	1193	6	1	22	1431	0
11.96	6	1	1197	1	1	14	807	0
11.995	6	1	1200	6	1	18	1143	0
12.015	6	1	1202	6	1	28	2292	0
12.031	6	1	1204	2	1	28	2292	0
12.066	6	1	1207	7	1	28	2292	0
12.101	6	1	1211	2	1	24	1692	0
12.102	6	1	1211	3	1	24	1692	0
12.136	6	1	1214	7	1	28	2292	0
12.137	6	1	1214	8	1	28	2292	0
12.157	6	1	1216	8	1	28	2292	0
12.164	6	1	1217	5	1	28	2292	0
12.173	6	1	1218	4	1	28	2292	0
12.193	6	1	1220	4	1	24	1692	0
12.194	6	1	1220	5	1	24	1692	0
12.25	6	1	1226	1	1	22	1431	0
12.251	6	1	1226	2	1	22	1431	0
12.286	6	1	1229	7	1	20	1335	0
12.307	6	1	1231	8	1	20	1335	0
12.329	6	1	1233	10	1	20	1335	0
12.349	6	1	1235	10	1	20	1335	0
12.35	6	1	1236	1	1	20	1335	0
12.369	6	1	1237	10	1	24	1692	0
12.389	6	1	1239	10	1	24	1692	0
12.409	6	1	1241	10	1	28	2292	0
12.425	6	1	1243	6	1	28	2292	0
12.426	6	1	1243	7	1	28	2292	0
12.446	6	1	1245	7	1	28	2292	0
12.481	6	1	1249	2	1	28	2292	0
12.482	6	1	1249	3	1	28	2292	0
12.516	6	1	1252	7	1	28	2292	0
12.517	6	1	1252	8	1	28	2292	0
12.537	6	1	1254	8	1	20	1335	0
12.544	6	1	1255	5	1	20	1335	0
12.551	6	1	1256	2	1	20	1335	0
12.571	6	1	1258	2	1	26	1908	0
12.572	6	1	1258	3	1	26	1908	0
12.65	6	1	1266	1	1	18	1143	0
13.606	7	1	1361	7	1	22	1431	0
13.626	7	1	1363	7	1	22	1431	0
13.646	7	1	1365	7	1	20	1335	0
13.666	7	1	1367	7	1	20	1335	0
13.686	7	1	1369	7	1	22	1431	0
13.706	7	1	1371	7	1	22	1431	0
13.726	7	1	1373	7	1	24	1692	0
13.746	7	1	1375	7	1	24	1692	0
13.766	7	1	1377	7	1	28	2292	0
13.786	7	1	1379	7	1	28	2292	0
13.806	7	1	1381	7	1	28	2292	0
13.921	7	1	1393	2	1	28	2292	0
13.941	7	1	1395	2	1	28	2292	0
13.961	7	1	1397	2	1	24	1692	0
13.977	7	1	1398	8	1	24	1692	0
14.032	7	1	1404	3	1	28	2292	0
14.052	7	1	1406	3	1	28	2292	0
14.232	8	1	1424	3	1	18	1143	0
14.252	8	1	1426	3	1	28	2292	0
14.268	8	1	1427	9	1	26	1908	0
14.269	8	1	1427	10	1	26	1908	0
14.303	8	1	1431	4	1	28	2292	0
14.304	8	1	1431	5	1	28	2292	0
14.338	8	1	1434	9	1	28	2292	0
14.339	8	1	1434	10	1	28	2292	0
14.373	8	1	1438	4	1	22	1431	0
14.374	8	1	1438	5	1	22	1431	0
14.408	8	1	1441	9	1	20	1335	0
14.409	8	1	1441	10	1	20	1335	0
14.443	8	1	1445	4	1	28	2292	0
14.444	8	1	1445	5	1	28	2292	0
14.478	8	1	1448	9	1	28	2292	0
14.479	8	1	1448	10	1	28	2292	0
14.534	8	1	1454	5	1	28	2292	0
14.555	8	1	1456	6	1	24	1692	0
14.562	8	1	1457	3	1	24	1692	0
14.601	8	1	1461	2	1	0	85	0
14.602	8	1	1461	3	1	0	85	0
14.603	8	1	1461	4	1	0	85	0
14.617	8	1	1462	8	1	2	137	0
14.618	8	1	1462	9	1	2	137	0
14.637	8	1	1464	8	1	14	807	0
14.638	8	1	1464	9	1	14	807	0
14.653	8	1	1466	4	1	6	325	0
14.672	8	1	1468	3	1	18	1143	0
14.673	8	1	1468	4	1	18	1143	0
14.707	8	1	1471	8	1	28	2292	0
14.708	8	1	1471	9	1	28	2292	0
14.709	8	1	1471	10	1	28	2292	0
14.742	8	1	1475	3	1	22	1431	0
14.743	8	1	1475	4	1	22	1431	0
14.744	8	1	1475	5	1	22	1431	0
14.777	8	1	1478	8	1	28	2292	0
14.778	8	1	1478	9	1	28	2292	0
14.779	8	1	1478	10	1	28	2292	0
14.812	8	1	1482	3	1	28	2292	0
14.832	8	1	1484	3	1	28	2292	0
14.834	8	1	1484	5	1	28	2292	0
14.836	8	1	1484	7	1	28	2292	0
14.856	8	1	1486	7	1	28	2292	0
14.857	8	1	1486	8	1	28	2292	0
14.867	8	1	1487	8	1	28	2292	0
14.868	8	1	1487	9	1	28	2292	0
14.891	8	1	1490	2	1	28	2292	0
14.892	8	1	1490	3	1	28	2292	0
14.903	8	1	1491	4	1	28	2292	0
14.904	8	1	1491	5	1	28	2292	0
14.924	8	1	1493	5	1	28	2292	0
14.925	8	1	1493	6	1	28	2292	0
14.929	8	1	1493	10	1	28	2292	0
14.931	8	1	1494	2	1	28	2292	0
14.959	8	1	1496	10	1	28	2292	0
14.96	8	1	1497	1	1	28	2292	0
14.961	8	1	1497	2	1	28	2292	0
14.994	8	1	1500	5	1	26	1908	0
14.995	8	1	1500	6	1	26	1908	0
14.996	8	1	1500	7	1	26	1908	0
15.029	8	1	1503	10	1	28	2292	0
15.03	8	1	1504	1	1	28	2292	0
15.031	8	1	1504	2	1	28	2292	0
15.064	8	1	1507	5	1	22	1431	0
15.065	8	1	1507	6	1	22	1431	0
15.066	8	1	1507	7	1	22	1431	0
15.067	8	1	1507	8	1	22	1431	0
15.1	8	1	1511	1	1	28	2292	0
15.101	8	1	1511	2	1	28	2292	0
15.102	8	1	1511	3	1	28	2292	0
15.122	8	1	1513	3	1	26	1908	0
15.125	8	1	1513	6	1	26	1908	0
15.157	8	1	1516	8	1	28	2292	0
15.158	8	1	1516	9	1	28	2292	0
15.159	8	1	1516	10	1	28	2292	0
15.16	8	1	1517	1	1	28	2292	0
15.192	8	1	1520	3	1	28	2292	0
15.193	8	1	1520	4	1	28	2292	0
15.194	8	1	1520	5	1	28	2292	0
15.195	8	1	1520	6	1	28	2292	0
15.227	8	1	1523	8	1	28	2292	0
15.228	8	1	1523	9	1	28	2292	0
15.229	8	1	1523	10	1	28	2292	0
15.23	8	1	1524	1	1	28	2292	0
15.265	8	1	1527	6	1	28	2292	0
15.287	8	1	1529	8	1	18	1143	0
15.29	8	1	1530	1	1	18	1143	0
15.307	8	1	1531	8	1	18	1143	0
15.327	8	1	1533	8	1	28	2292	0
15.335	8	1	1534	6	1	28	2292	0
15.355	8	1	1536	6	1	28	2292	0
15.362	8	1	1537	3	1	16	967	0
15.363	8	1	1537	4	1	16	967	0
15.383	8	1	1539	4	1	10	549	0
15.39	8	1	1540	1	1	28	2292	0
15.391	8	1	1540	2	1	28	2292	0
15.392	8	1	1540	3	1	28	2292	0
15.397	8	1	1540	8	1	28	2292	0
15.418	8	1	1542	9	1	28	2292	0
15.419	8	1	1542	10	1	28	2292	0
15.425	8	1	1543	6	1	28	2292	0
15.426	8	1	1543	7	1	28	2292	0
15.427	8	1	1543	8	1	28	2292	0
15.447	8	1	1545	8	1	28	2292	0
15.45	8	1	1546	1	1	28	2292	0
15.453	8	1	1546	4	1	28	2292	0
15.454	8	1	1546	5	1	28	2292	0
15.455	8	1	1546	6	1	28	2292	0
15.48	8	1	1549	1	1	28	2292	0
15.481	8	1	1549	2	1	28	2292	0
15.483	8	1	1549	4	1	28	2292	0
15.484	8	1	1549	5	1	28	2292	0
15.485	8	1	1549	6	1	28	2292	0
15.487	8	1	1549	8	1	28	2292	0
15.515	8	1	1552	6	1	28	2292	0
15.516	8	1	1552	7	1	28	2292	0
15.517	8	1	1552	8	1	28	2292	0
15.518	8	1	1552	9	1	28	2292	0
15.519	8	1	1552	10	1	28	2292	0
15.55	8	1	1556	1	1	28	2292	0
15.551	8	1	1556	2	1	28	2292	0
15.552	8	1	1556	3	1	28	2292	0
15.554	8	1	1556	5	1	28	2292	0
15.572	8	1	1558	3	1	28	2292	0
15.577	8	1	1558	8	1	28	2292	0
15.578	8	1	1558	9	1	28	2292	0
15.585	8	1	1559	6	1	28	2292	0
15.586	8	1	1559	7	1	28	2292	0
15.591	8	1	1560	2	1	28	2292	0
15.612	8	1	1562	3	1	24	1692	0
15.613	8	1	1562	4	1	24	1692	0
15.614	8	1	1562	5	1	24	1692	0
15.62	8	1	1563	1	1	18	1143	0
15.621	8	1	1563	2	1	18	1143	0
15.622	8	1	1563	3	1	18	1143	0
15.643	8	1	1565	4	1	6	325	0
15.646	8	1	1565	7	1	6	325	0
15.647	8	1	1565	8	1	6	325	0
15.648	8	1	1565	9	1	6	325	0
15.65	8	1	1566	1	1	8	437	0
15.651	8	1	1566	2	1	8	437	0
15.652	8	1	1566	3	1	8	437	0
15.653	8	1	1566	4	1	12	621	0
15.655	8	1	1566	6	1	14	807	0
15.675	8	1	1568	6	1	14	807	0
15.682	8	1	1569	3	1	28	2292	0
15.705	8	1	1571	6	1	28	2292	0
15.709	8	1	1571	10	1	28	2292	0
15.733	8	1	1574	4	1	28	2292	0
15.74	8	1	1575	1	1	28	2292	0
15.741	8	1	1575	2	1	28	2292	0
15.742	8	1	1575	3	1	28	2292	0
15.743	8	1	1575	4	1	28	2292	0
15.744	8	1	1575	5	1	28	2292	0
15.764	8	1	1577	5	1	28	2292	0
15.767	8	1	1577	8	1	28	2292	0
15.768	8	1	1577	9	1	28	2292	0
15.769	8	1	1577	10	1	28	2292	0
15.775	8	1	1578	6	1	28	2292	0
15.776	8	1	1578	7	1	28	2292	0
15.777	8	1	1578	8	1	28	2292	0
15.778	8	1	1578	9	1	28	2292	0
15.783	8	1	1579	4	1	28	2292	0
15.799	8	1	1580	10	1	28	2292	0
15.8	8	1	1581	1	1	28	2292	0
15.803	8	1	1581	4	1	28	2292	0
15.804	8	1	1581	5	1	28	2292	0
15.805	8	1	1581	6	1	28	2292	0
15.811	8	1	1582	2	1	28	2292	0
15.812	8	1	1582	3	1	28	2292	0
15.813	8	1	1582	4	1	28	2292	0
15.834	8	1	1584	5	1	28	2292	0
15.835	8	1	1584	6	1	28	2292	0
15.836	8	1	1584	7	1	28	2292	0
15.837	8	1	1584	8	1	28	2292	0
15.839	8	1	1584	10	1	28	2292	0
15.84	8	1	1585	1	1	28	2292	0
15.841	8	1	1585	2	1	28	2292	0
15.847	8	1	1585	8	1	28	2292	0
15.867	8	1	1587	8	1	28	2292	0
15.868	8	1	1587	9	1	28	2292	0
15.869	8	1	1587	10	1	28	2292	0
15.87	8	1	1588	1	1	28	2292	0
15.871	8	1	1588	2	1	28	2292	0
15.872	8	1	1588	3	1	28	2292	0
15.873	8	1	1588	4	1	28	2292	0
15.875	8	1	1588	6	1	28	2292	0
15.895	8	1	1590	6	1	28	2292	0
15.896	8	1	1590	7	1	28	2292	0
15.902	8	1	1591	3	1	28	2292	0
15.903	8	1	1591	4	1	28	2292	0
15.904	8	1	1591	5	1	28	2292	0
15.905	8	1	1591	6	1	28	2292	0
15.906	8	1	1591	7	1	28	2292	0
15.907	8	1	1591	8	1	28	2292	0
15.927	8	1	1593	8	1	28	2292	0
15.935	8	1	1594	6	1	28	2292	0
15.936	8	1	1594	7	1	28	2292	0
15.937	8	1	1594	8	1	28	2292	0
15.938	8	1	1594	9	1	28	2292	0
15.939	8	1	1594	10	1	28	2292	0
15.94	8	1	1595	1	1	28	2292	0
15.96	8	1	1597	1	1	28	2292	0
15.97	8	1	1598	1	1	28	2292	0
15.971	8	1	1598	2	1	28	2292	0
15.972	8	1	1598	3	1	28	2292	0
15.973	8	1	1598	4	1	28	2292	0
15.974	8	1	1598	5	1	28	2292	0
15.975	8	1	1598	6	1	28	2292	0
15.995	8	1	1600	6	1	28	2292	0
16.055	8	1	1606	6	1	22	1431	0
16.056	8	1	1606	7	1	22	1431	0
16.057	8	1	1606	8	1	22	1431	0
16.062	8	1	1607	3	1	28	2292	0
16.063	8	1	1607	4	1	28	2292	0
16.064	8	1	1607	5	1	28	2292	0
16.084	8	1	1609	5	1	28	2292	0
16.087	8	1	1609	8	1	28	2292	0
16.09	8	1	1610	1	1	28	2292	0
16.091	8	1	1610	2	1	28	2292	0
16.092	8	1	1610	3	1	28	2292	0
16.093	8	1	1610	4	1	28	2292	0
16.094	8	1	1610	5	1	28	2292	0
16.095	8	1	1610	6	1	28	2292	0
16.115	8	1	1612	6	1	28	2292	0
16.122	8	1	1613	3	1	14	807	0
16.123	8	1	1613	4	1	14	807	0
16.124	8	1	1613	5	1	14	807	0
16.125	8	1	1613	6	1	14	807	0
16.126	8	1	1613	7	1	14	807	0
16.127	8	1	1613	8	1	14	807	0
16.128	8	1	1613	9	1	14	807	0
16.148	8	1	1615	9	1	14	807	0
16.158	8	1	1616	9	1	14	807	0
16.165	8	1	1617	6	1	20	1335	0
16.178	8	1	1618	9	1	20	1335	0
16.194	8	1	1620	5	1	28	2292	0
16.195	8	1	1620	6	1	28	2292	0
16.196	8	1	1620	7	1	28	2292	0
16.197	8	1	1620	8	1	28	2292	0
16.199	8	1	1620	10	1	28	2292	0
16.213	8	1	1622	4	1	26	1908	0
16.229	8	1	1623	10	1	4	225	0
16.23	8	1	1624	1	1	4	225	0
16.231	8	1	1624	2	1	4	225	0
16.232	8	1	1624	3	1	4	225	0
16.233	8	1	1624	4	1	4	225	0
16.234	8	1	1624	5	1	4	225	0
16.235	8	1	1624	6	1	4	225	0
16.236	8	1	1624	7	1	24	1692	0
16.254	8	1	1626	5	1	24	1692	0
16.259	8	1	1626	10	1	24	1692	0
16.265	8	1	1627	6	1	28	2292	0
16.29	8	1	1630	1	1	28	2292	0
16.293	8	1	1630	4	1	28	2292	0
16.296	8	1	1630	7	1	28	2292	0
16.325	8	1	1633	6	1	28	2292	0
16.326	8	1	1633	7	1	28	2292	0
16.327	8	1	1633	8	1	28	2292	0
16.328	8	1	1633	9	1	28	2292	0
16.329	8	1	1633	10	1	28	2292	0
16.33	8	1	1634	1	1	28	2292	0
16.331	8	1	1634	2	1	28	2292	0
16.36	8	1	1637	1	1	28	2292	0
16.361	8	1	1637	2	1	14	807	0
16.362	8	1	1637	3	1	14	807	0
16.363	8	1	1637	4	1	14	807	0
16.364	8	1	1637	5	1	14	807	0
16.365	8	1	1637	6	1	14	807	0
16.366	8	1	1637	7	1	14	807	0
16.376	8	1	1638	7	1	22	1431	0
16.395	8	1	1640	6	1	28	2292	0
16.4	8	1	1641	1	1	28	2292	0
16.415	8	1	1642	6	1	28	2292	0
16.422	8	1	1643	3	1	28	2292	0
16.423	8	1	1643	4	1	28	2292	0
16.43	8	1	1644	1	1	28	2292	0
16.458	8	1	1646	9	1	26	1908	0
16.481	8	1	1649	2	1	28	2292	0
16.501	8	1	1651	2	1	28	2292	0
16.518	8	1	1652	9	1	28	2292	0
16.52	8	1	1653	1	1	28	2292	0
16.522	8	1	1653	3	1	18	1143	0
16.524	8	1	1653	5	1	18	1143	0
16.525	8	1	1653	6	1	28	2292	0
16.539	8	1	1654	10	1	10	549	0
16.54	8	1	1655	1	1	10	549	0
16.541	8	1	1655	2	1	10	549	0
16.575	8	1	1658	6	1	28	2292	0
16.576	8	1	1658	7	1	28	2292	0
16.596	8	1	1660	7	1	28	2292	0
16.613	8	1	1662	4	1	24	1692	0
16.629	8	1	1663	10	1	26	1908	0
16.63	8	1	1664	1	1	26	1908	0
16.631	8	1	1664	2	1	26	1908	0
16.632	8	1	1664	3	1	26	1908	0
16.633	8	1	1664	4	1	26	1908	0
16.665	8	1	1667	6	1	28	2292	0
16.666	8	1	1667	7	1	28	2292	0
16.667	8	1	1667	8	1	28	2292	0
16.668	8	1	1667	9	1	28	2292	0
16.671	8	1	1668	2	1	28	2292	0
16.757	8	1	1676	8	1	28	2292	0
16.764	8	1	1677	5	1	28	2292	0
16.801	8	1	1681	2	1	10	549	0
16.802	8	1	1681	3	1	10	549	0
16.803	8	1	1681	4	1	10	549	0
16.822	8	1	1683	3	1	12	621	0
16.823	8	1	1683	4	1	12	621	0
16.842	8	1	1685	3	1	16	967	0
16.862	8	1	1687	3	1	16	967	0
16.882	8	1	1689	3	1	28	2292	0
16.902	8	1	1691	3	1	28	2292	0
16.922	8	1	1693	3	1	28	2292	0
16.942	8	1	1695	3	1	28	2292	0
16.962	8	1	1697	3	1	28	2292	0
16.982	8	1	1699	3	1	28	2292	0
17.002	8	1	1701	3	1	24	1692	0
17.022	8	1	1703	3	1	24	1692	0
17.057	8	1	1706	8	1	22	1431	0
18.217	9	1	1822	8	1	16	967	0
18.237	9	1	1824	8	1	28	2292	0
18.273	9	1	1828	4	1	28	2292	0
18.293	9	1	1830	4	1	26	1908	0
18.3	9	1	1831	1	1	26	1908	0
18.313	9	1	1832	4	1	16	967	0
18.335	9	1	1834	6	1	26	1908	0
18.37	9	1	1838	1	1	26	1908	0
18.405	9	1	1841	6	1	28	2292	0
18.406	9	1	1841	7	1	28	2292	0
18.44	9	1	1845	1	1	28	2292	0
18.441	9	1	1845	2	1	28	2292	0
18.442	9	1	1845	3	1	28	2292	0
18.475	10	1	1848	6	1	0	85	0
18.476	10	1	1848	7	1	0	85	0
18.477	10	1	1848	8	1	0	85	0
18.478	10	1	1848	9	1	0	85	0
18.479	10	1	1848	10	1	0	85	0
18.48	10	1	1849	1	1	0	85	0
18.481	10	1	1849	2	1	28	2292	0
18.498	10	1	1850	9	1	28	2292	0
18.506	10	1	1851	7	1	16	967	0
18.511	10	1	1852	2	1	16	967	0
18.512	10	1	1852	3	1	16	967	0
18.513	10	1	1852	4	1	12	621	0
18.514	10	1	1852	5	1	12	621	0
18.533	10	1	1854	4	1	8	437	0
18.541	10	1	1855	2	1	22	1431	0
18.542	10	1	1855	3	1	22	1431	0
18.566	10	1	1857	7	1	28	2292	0
18.568	10	1	1857	9	1	28	2292	0
18.573	10	1	1858	4	1	28	2292	0
18.576	10	1	1858	7	1	28	2292	0
18.577	10	1	1858	8	1	28	2292	0
18.601	10	1	1861	2	1	28	2292	0
18.602	10	1	1861	3	1	28	2292	0
18.604	10	1	1861	5	1	28	2292	0
18.608	10	1	1861	9	1	28	2292	0
18.609	10	1	1861	10	1	28	2292	0
18.629	10	1	1863	10	1	28	2292	0
18.636	10	1	1864	7	1	28	2292	0
18.637	10	1	1864	8	1	28	2292	0
18.638	10	1	1864	9	1	28	2292	0
18.639	10	1	1864	10	1	28	2292	0
18.659	10	1	1866	10	1	28	2292	0
18.663	10	1	1867	4	1	28	2292	0
18.664	10	1	1867	5	1	28	2292	0
18.665	10	1	1867	6	1	28	2292	0
18.671	10	1	1868	2	1	28	2292	0
18.672	10	1	1868	3	1	28	2292	0
18.673	10	1	1868	4	1	28	2292	0
18.694	10	1	1870	5	1	28	2292	0
18.695	10	1	1870	6	1	28	2292	0
18.699	10	1	1870	10	1	28	2292	0
18.7	10	1	1871	1	1	28	2292	0
18.701	10	1	1871	2	1	28	2292	0
18.707	10	1	1871	8	1	28	2292	0
18.708	10	1	1871	9	1	28	2292	0
18.729	10	1	1873	10	1	28	2292	0
18.73	10	1	1874	1	1	28	2292	0
18.731	10	1	1874	2	1	28	2292	0
18.732	10	1	1874	3	1	28	2292	0
18.735	10	1	1874	6	1	28	2292	0
18.736	10	1	1874	7	1	28	2292	0
18.764	10	1	1877	5	1	28	2292	0
18.765	10	1	1877	6	1	28	2292	0
18.766	10	1	1877	7	1	28	2292	0
18.767	10	1	1877	8	1	28	2292	0
18.768	10	1	1877	9	1	28	2292	0
18.799	10	1	1880	10	1	28	2292	0
18.8	10	1	1881	1	1	28	2292	0
18.801	10	1	1881	2	1	28	2292	0
18.802	10	1	1881	3	1	28	2292	0
18.803	10	1	1881	4	1	28	2292	0
18.834	10	1	1884	5	1	28	2292	0
18.835	10	1	1884	6	1	28	2292	0
18.836	10	1	1884	7	1	28	2292	0
18.837	10	1	1884	8	1	28	2292	0
18.838	10	1	1884	9	1	28	2292	0
18.869	10	1	1887	10	1	28	2292	0
18.87	10	1	1888	1	1	28	2292	0
18.871	10	1	1888	2	1	28	2292	0
18.872	10	1	1888	3	1	28	2292	0
18.873	10	1	1888	4	1	28	2292	0
18.874	10	1	1888	5	1	28	2292	0
18.904	10	1	1891	5	1	28	2292	0
18.905	10	1	1891	6	1	28	2292	0
18.906	10	1	1891	7	1	28	2292	0
18.907	10	1	1891	8	1	28	2292	0
18.908	10	1	1891	9	1	28	2292	0
18.939	10	1	1894	10	1	28	2292	0
18.94	10	1	1895	1	1	28	2292	0
18.941	10	1	1895	2	1	28	2292	0
18.942	10	1	1895	3	1	28	2292	0
18.943	10	1	1895	4	1	28	2292	0
18.944	10	1	1895	5	1	28	2292	0
18.974	10	1	1898	5	1	28	2292	0
18.975	10	1	1898	6	1	28	2292	0
18.976	10	1	1898	7	1	28	2292	0
18.977	10	1	1898	8	1	28	2292	0
18.978	10	1	1898	9	1	28	2292	0
18.979	10	1	1898	10	1	28	2292	0
19.009	10	1	1901	10	1	20	1335	0
19.01	10	1	1902	1	1	20	1335	0
19.011	10	1	1902	2	1	20	1335	0
19.012	10	1	1902	3	1	20	1335	0
19.013	10	1	1902	4	1	20	1335	0
19.014	10	1	1902	5	1	20	1335	0
19.044	10	1	1905	5	1	20	1335	0
19.045	10	1	1905	6	1	20	1335	0
19.046	10	1	1905	7	1	20	1335	0
19.047	10	1	1905	8	1	20	1335	0
19.048	10	1	1905	9	1	20	1335	0
19.049	10	1	1905	10	1	20	1335	0
19.079	10	1	1908	10	1	28	2292	0
19.08	10	1	1909	1	1	28	2292	0
19.081	10	1	1909	2	1	28	2292	0
19.082	10	1	1909	3	1	28	2292	0
19.083	10	1	1909	4	1	28	2292	0
19.084	10	1	1909	5	1	28	2292	0
19.114	10	1	1912	5	1	28	2292	0
19.115	10	1	1912	6	1	28	2292	0
19.116	10	1	1912	7	1	28	2292	0
19.117	10	1	1912	8	1	28	2292	0
19.118	10	1	1912	9	1	28	2292	0
19.119	10	1	1912	10	1	28	2292	0
19.15	10	1	1916	1	1	28	2292	0
19.151	10	1	1916	2	1	28	2292	0
19.152	10	1	1916	3	1	28	2292	0
19.154	10	1	1916	5	1	28	2292	0
19.205	10	1	1921	6	1	28	2292	0
19.24	10	1	1925	1	1	28	2292	0
19.241	10	1	1925	2	1	28	2292	0
19.242	10	1	1925	3	1	28	2292	0
19.243	10	1	1925	4	1	28	2292	0
19.244	10	1	1925	5	1	28	2292	0
19.245	10	1	1925	6	1	28	2292	0
19.246	10	1	1925	7	1	28	2292	0
19.275	10	1	1928	6	1	28	2292	0
19.276	10	1	1928	7	1	28	2292	0
19.277	10	1	1928	8	1	28	2292	0
19.278	10	1	1928	9	1	28	2292	0
19.279	10	1	1928	10	1	28	2292	0
19.28	10	1	1929	1	1	28	2292	0
19.282	10	1	1929	3	1	28	2292	0
19.317	10	1	1932	8	1	16	967	0
19.318	10	1	1932	9	1	16	967	0
19.319	10	1	1932	10	1	16	967	0
19.32	10	1	1933	1	1	16	967	0
19.321	10	1	1933	2	1	28	2292	0
19.322	10	1	1933	3	1	28	2292	0
19.323	10	1	1933	4	1	28	2292	0
19.352	10	1	1936	3	1	28	2292	0
19.353	10	1	1936	4	1	28	2292	0
19.354	10	1	1936	5	1	28	2292	0
19.355	10	1	1936	6	1	28	2292	0
19.356	10	1	1936	7	1	28	2292	0
19.357	10	1	1936	8	1	28	2292	0
19.358	10	1	1936	9	1	28	2292	0
19.387	10	1	1939	8	1	28	2292	0
19.388	10	1	1939	9	1	28	2292	0
19.389	10	1	1939	10	1	28	2292	0
19.39	10	1	1940	1	1	28	2292	0
19.391	10	1	1940	2	1	28	2292	0
19.392	10	1	1940	3	1	28	2292	0
19.393	10	1	1940	4	1	28	2292	0
19.422	10	1	1943	3	1	28	2292	0
19.423	10	1	1943	4	1	28	2292	0
19.424	10	1	1943	5	1	28	2292	0
19.425	10	1	1943	6	1	28	2292	0
19.426	10	1	1943	7	1	28	2292	0
19.427	10	1	1943	8	1	28	2292	0
19.428	10	1	1943	9	1	28	2292	0
19.457	10	1	1946	8	1	22	1431	0
19.458	10	1	1946	9	1	22	1431	0
19.459	10	1	1946	10	1	22	1431	0
19.46	10	1	1947	1	1	22	1431	0
19.461	10	1	1947	2	1	22	1431	0
19.462	10	1	1947	3	1	22	1431	0
19.463	10	1	1947	4	1	22	1431	0
19.492	10	1	1950	3	1	28	2292	0
19.493	10	1	1950	4	1	28	2292	0
19.494	10	1	1950	5	1	28	2292	0
19.495	10	1	1950	6	1	28	2292	0
19.497	10	1	1950	8	1	28	2292	0
19.498	10	1	1950	9	1	28	2292	0
19.527	10	1	1953	8	1	28	2292	0
19.528	10	1	1953	9	1	28	2292	0
19.533	10	1	1954	4	1	28	2292	0
19.534	10	1	1954	5	1	22	1431	0
19.542	10	1	1955	3	1	22	1431	0
19.562	10	1	1957	3	1	8	437	0
19.563	10	1	1957	4	1	8	437	0
19.582	10	1	1959	3	1	8	437	0
19.591	10	1	1960	2	1	8	437	0
19.598	10	1	1960	9	1	10	549	0
19.599	10	1	1960	10	1	10	549	0
19.619	10	1	1962	10	1	8	437	0
19.625	10	1	1963	6	1	8	437	0
19.626	10	1	1963	7	1	6	325	0
19.631	10	1	1964	2	1	6	325	0
19.632	10	1	1964	3	1	2	137	0
19.633	10	1	1964	4	1	0	85	0
19.634	10	1	1964	5	1	0	85	0
19.635	10	1	1964	6	1	0	85	0
19.636	10	1	1964	7	1	0	85	0
19.637	10	1	1964	8	1	0	85	0
19.681	10	1	1969	2	1	18	1143	0
19.687	10	1	1969	8	1	18	1143	0
19.688	10	1	1969	9	1	14	807	0
19.716	10	1	1972	7	1	14	807	0
19.717	10	1	1972	8	1	14	807	0
19.718	10	1	1972	9	1	14	807	0
19.719	10	1	1972	10	1	14	807	0
19.72	10	1	1973	1	1	14	807	0
19.721	10	1	1973	2	1	18	1143	0
19.722	10	1	1973	3	1	18	1143	0
19.723	10	1	1973	4	1	20	1335	0
19.751	10	1	1976	2	1	20	1335	0
19.752	10	1	1976	3	1	20	1335	0
19.753	10	1	1976	4	1	20	1335	0
19.754	10	1	1976	5	1	20	1335	0
19.755	10	1	1976	6	1	20	1335	0
19.756	10	1	1976	7	1	20	1335	0
19.757	10	1	1976	8	1	20	1335	0
19.758	10	1	1976	9	1	24	1692	0
19.786	10	1	1979	7	1	24	1692	0
19.787	10	1	1979	8	1	24	1692	0
19.788	10	1	1979	9	1	24	1692	0
19.789	10	1	1979	10	1	24	1692	0
19.79	10	1	1980	1	1	24	1692	0
19.791	10	1	1980	2	1	24	1692	0
19.792	10	1	1980	3	1	24	1692	0
19.793	10	1	1980	4	1	22	1431	0
19.821	10	1	1983	2	1	14	807	0
19.822	10	1	1983	3	1	14	807	0
19.823	10	1	1983	4	1	14	807	0
19.824	10	1	1983	5	1	14	807	0
19.825	10	1	1983	6	1	14	807	0
19.826	10	1	1983	7	1	14	807	0
19.827	10	1	1983	8	1	14	807	0
19.828	10	1	1983	9	1	24	1692	0
19.856	10	1	1986	7	1	28	2292	0
19.857	10	1	1986	8	1	28	2292	0
19.858	10	1	1986	9	1	28	2292	0
19.859	10	1	1986	10	1	28	2292	0
19.86	10	1	1987	1	1	28	2292	0
19.861	10	1	1987	2	1	28	2292	0
19.862	10	1	1987	3	1	28	2292	0
19.863	10	1	1987	4	1	28	2292	0
19.891	10	1	1990	2	1	24	1692	0
19.892	10	1	1990	3	1	24	1692	0
19.893	10	1	1990	4	1	24	1692	0
19.894	10	1	1990	5	1	24	1692	0
19.895	10	1	1990	6	1	24	1692	0
19.896	10	1	1990	7	1	24	1692	0
19.897	10	1	1990	8	1	24	1692	0
19.898	10	1	1990	9	1	24	1692	0
19.899	10	1	1990	10	1	24	1692	0
19.919	10	1	1992	10	1	24	1692	0
19.92	10	1	1993	1	1	24	1692	0
19.926	10	1	1993	7	1	26	1908	0
19.927	10	1	1993	8	1	28	2292	0
19.928	10	1	1993	9	1	28	2292	0
19.929	10	1	1993	10	1	28	2292	0
19.93	10	1	1994	1	1	28	2292	0
19.931	10	1	1994	2	1	28	2292	0
19.932	10	1	1994	3	1	28	2292	0
19.933	10	1	1994	4	1	28	2292	0
19.935	10	1	1994	6	1	28	2292	0
19.954	10	1	1996	5	1	28	2292	0
19.955	10	1	1996	6	1	28	2292	0
19.956	10	1	1996	7	1	28	2292	0
19.961	10	1	1997	2	1	28	2292	0
19.962	10	1	1997	3	1	28	2292	0
19.963	10	1	1997	4	1	26	1908	0
19.964	10	1	1997	5	1	26	1908	0
19.965	10	1	1997	6	1	26	1908	0
19.966	10	1	1997	7	1	26	1908	0
19.967	10	1	1997	8	1	26	1908	0
19.987	10	1	1999	8	1	24	1692	0
19.997	10	1	2000	8	1	16	967	0
19.998	10	1	2000	9	1	16	967	0
19.999	10	1	2000	10	1	16	967	0
