% time	cellId	IMSI	RNTI	layer	mcs	size	rv	ndi	correct	ccId
1025	1	1	1	0	22	1431	0	1	1	0
1053	1	1	1	0	28	2292	0	1	1	0
1080	1	1	1	0	28	2292	0	1	1	0
1115	1	1	1	0	28	2292	0	1	1	0
1170	1	1	1	0	22	1431	0	1	1	0
1205	1	1	1	0	26	1908	0	1	1	0
1240	1	1	1	0	28	2292	0	1	1	0
1275	1	1	1	0	16	967	0	1	1	0
1310	1	1	1	0	28	2292	0	1	1	0
1345	1	1	1	0	16	967	0	1	1	0
1380	1	1	1	0	28	2292	0	1	1	0
1407	1	1	1	0	26	1908	0	1	1	0
1423	1	1	1	0	18	1143	0	1	1	0
1442	1	1	1	0	22	1431	0	1	1	0
1477	1	1	1	0	28	2292	0	1	1	0
1478	1	1	1	0	28	2292	0	1	1	0
1479	1	1	1	0	28	2292	0	1	1	0
1480	1	1	1	0	28	2292	0	1	1	0
1481	1	1	1	0	28	2292	0	1	1	0
1482	1	1	1	0	28	2292	0	1	1	0
1483	1	1	1	0	28	2292	0	1	1	0
1510	1	1	1	0	28	2292	0	1	1	0
1519	1	1	1	0	28	2292	0	1	1	0
1520	1	1	1	0	28	2292	0	1	1	0
1521	1	1	1	0	28	2292	0	1	1	0
1522	1	1	1	0	28	2292	0	1	1	0
1523	1	1	1	0	28	2292	0	1	1	0
1524	1	1	1	0	28	2292	0	1	1	0
1525	1	1	1	0	28	2292	0	1	1	0
1526	1	1	1	0	28	2292	0	1	1	0
1528	1	1	1	0	28	2292	0	1	1	0
1529	1	1	1	0	28	2292	0	1	1	0
1530	1	1	1	0	28	2292	0	1	1	0
1531	1	1	1	0	28	2292	0	1	1	0
1532	1	1	1	0	28	2292	0	1	1	0
1533	1	1	1	0	28	2292	0	1	1	0
1555	1	1	1	0	28	2292	0	1	1	0
1557	1	1	1	0	28	2292	0	1	0	0
1558	1	1	1	0	28	2292	0	1	0	0
1559	1	1	1	0	28	2292	0	1	0	0
1560	1	1	1	0	28	2292	0	1	0	0
1561	1	1	1	0	28	2292	0	1	0	0
1562	1	1	1	0	16	967	0	1	1	0
1564	1	1	1	0	28	2292	1	0	1	0
1565	1	1	1	0	28	2292	1	0	1	0
1566	1	1	1	0	28	2292	1	0	1	0
1567	1	1	1	0	28	2292	1	0	1	0
1568	1	1	1	0	28	2292	1	0	1	0
1569	1	1	1	0	10	549	0	1	1	0
1570	1	1	1	0	10	549	0	1	1	0
1571	1	1	1	0	16	967	0	1	1	0
1572	1	1	1	0	18	1143	0	1	1	0
1574	1	1	1	0	22	1431	0	1	1	0
1575	1	1	1	0	22	1431	0	1	1	0
1576	1	1	1	0	24	1692	0	1	1	0
1577	1	1	1	0	24	1692	0	1	1	0
1578	1	1	1	0	26	1908	0	1	1	0
1579	1	1	1	0	28	2292	0	1	1	0
1581	1	1	1	0	28	2292	0	1	1	0
1584	1	1	1	0	28	2292	0	1	1	0
1585	1	1	1	0	28	2292	0	1	1	0
1586	1	1	1	0	28	2292	0	1	1	0
1587	1	1	1	0	28	2292	0	1	1	0
1588	1	1	1	0	28	2292	0	1	1	0
1589	1	1	1	0	28	2292	0	1	1	0
1591	1	1	1	0	28	2292	0	1	1	0
1592	1	1	1	0	28	2292	0	1	1	0
1594	1	1	1	0	28	2292	0	1	1	0
1595	1	1	1	0	28	2292	0	1	1	0
1596	1	1	1	0	28	2292	0	1	1	0
1597	1	1	1	0	28	2292	0	1	1	0
1598	1	1	1	0	28	2292	0	1	1	0
1599	1	1	1	0	28	2292	0	1	1	0
1601	1	1	1	0	28	2292	0	1	1	0
1602	1	1	1	0	28	2292	0	1	1	0
1604	1	1	1	0	28	2292	0	1	1	0
1605	1	1	1	0	28	2292	0	1	1	0
1607	1	1	1	0	28	2292	0	1	1	0
1612	1	1	1	0	28	2292	0	1	1	0
1631	1	1	1	0	28	2292	0	1	1	0
1646	1	1	1	0	28	2292	0	1	1	0
1662	1	1	1	0	28	2292	0	1	1	0
1678	1	1	1	0	28	2292	0	1	1	0
1694	1	1	1	0	28	2292	0	1	1	0
1710	1	1	1	0	28	2292	0	1	1	0
1728	1	1	1	0	26	1908	0	1	1	0
1748	1	1	1	0	26	1908	0	1	1	0
1768	1	1	1	0	28	2292	0	1	1	0
1769	1	1	1	0	28	2292	0	1	1	0
1770	1	1	1	0	28	2292	0	1	1	0
1786	1	1	1	0	28	2292	0	1	1	0
1803	1	1	1	0	28	2292	0	1	1	0
1804	1	1	1	0	28	2292	0	1	1	0
1805	1	1	1	0	28	2292	0	1	1	0
1806	1	1	1	0	28	2292	0	1	1	0
1807	1	1	1	0	28	2292	0	1	1	0
1808	1	1	1	0	28	2292	0	1	1	0
1809	1	1	1	0	28	2292	0	1	1	0
1810	1	1	1	0	28	2292	0	1	1	0
1812	1	1	1	0	28	2292	0	1	1	0
1813	1	1	1	0	28	2292	0	1	1	0
1814	1	1	1	0	28	2292	0	1	1	0
1815	1	1	1	0	28	2292	0	1	1	0
1816	1	1	1	0	28	2292	0	1	1	0
1817	1	1	1	0	28	2292	0	1	1	0
1819	1	1	1	0	28	2292	0	1	1	0
1820	1	1	1	0	28	2292	0	1	1	0
1822	1	1	1	0	28	2292	0	1	1	0
1823	1	1	1	0	28	2292	0	1	1	0
1824	1	1	1	0	28	2292	0	1	1	0
1825	1	1	1	0	28	2292	0	1	1	0
1826	1	1	1	0	28	2292	0	1	1	0
1827	1	1	1	0	28	2292	0	1	1	0
1829	1	1	1	0	28	2292	0	1	1	0
1830	1	1	1	0	28	2292	0	1	1	0
1832	1	1	1	0	28	2292	0	1	1	0
1833	1	1	1	0	26	1908	0	1	1	0
1834	1	1	1	0	24	1692	0	1	1	0
1835	1	1	1	0	24	1692	0	1	1	0
1836	1	1	1	0	22	1431	0	1	1	0
1837	1	1	1	0	20	1335	0	1	1	0
1838	1	1	1	0	20	1335	0	1	1	0
1839	1	1	1	0	16	967	0	1	1	0
1840	1	1	1	0	12	621	0	1	1	0
1843	1	1	1	0	6	325	0	1	1	0
1844	1	1	1	0	12	621	0	1	1	0
1845	1	1	1	0	16	967	0	1	1	0
1846	1	1	1	0	18	1143	0	1	1	0
1847	1	1	1	0	20	1335	0	1	1	0
1848	1	1	1	0	20	1335	0	1	1	0
1849	1	1	1	0	20	1335	0	1	1	0
1850	1	1	1	0	24	1692	0	1	1	0
1852	1	1	1	0	26	1908	0	1	1	0
1853	1	1	1	0	28	2292	0	1	1	0
1854	1	1	1	0	28	2292	0	1	1	0
1855	1	1	1	0	28	2292	0	1	1	0
1856	1	1	1	0	28	2292	0	1	1	0
1857	1	1	1	0	28	2292	0	1	1	0
1859	1	1	1	0	28	2292	0	1	1	0
1860	1	1	1	0	28	2292	0	1	1	0
1862	1	1	1	0	28	2292	0	1	1	0
1863	1	1	1	0	28	2292	0	1	1	0
1864	1	1	1	0	28	2292	0	1	1	0
1865	1	1	1	0	28	2292	0	1	1	0
1866	1	1	1	0	28	2292	0	1	1	0
1867	1	1	1	0	28	2292	0	1	1	0
1869	1	1	1	0	28	2292	0	1	1	0
1870	1	1	1	0	28	2292	0	1	1	0
1872	1	1	1	0	28	2292	0	1	1	0
1873	1	1	1	0	28	2292	0	1	1	0
1874	1	1	1	0	28	2292	0	1	1	0
1875	1	1	1	0	28	2292	0	1	1	0
1876	1	1	1	0	28	2292	0	1	1	0
1877	1	1	1	0	28	2292	0	1	1	0
1879	1	1	1	0	28	2292	0	1	1	0
1880	1	1	1	0	28	2292	0	1	1	0
1882	1	1	1	0	28	2292	0	1	1	0
1883	1	1	1	0	28	2292	0	1	1	0
1884	1	1	1	0	28	2292	0	1	1	0
1885	1	1	1	0	28	2292	0	1	1	0
1886	1	1	1	0	28	2292	0	1	1	0
1887	1	1	1	0	28	2292	0	1	1	0
1889	1	1	1	0	28	2292	0	1	1	0
1890	1	1	1	0	28	2292	0	1	1	0
1892	1	1	1	0	28	2292	0	1	1	0
1893	1	1	1	0	28	2292	0	1	1	0
1894	1	1	1	0	28	2292	0	1	1	0
1895	1	1	1	0	28	2292	0	1	1	0
1896	1	1	1	0	28	2292	0	1	1	0
1897	1	1	1	0	28	2292	0	1	1	0
1899	1	1	1	0	28	2292	0	1	1	0
1900	1	1	1	0	28	2292	0	1	1	0
1902	1	1	1	0	28	2292	0	1	1	0
1903	1	1	1	0	28	2292	0	1	1	0
1904	1	1	1	0	28	2292	0	1	1	0
1905	1	1	1	0	28	2292	0	1	1	0
1906	1	1	1	0	28	2292	0	1	1	0
1907	1	1	1	0	28	2292	0	1	1	0
1909	1	1	1	0	28	2292	0	1	1	0
1910	1	1	1	0	28	2292	0	1	1	0
1912	1	1	1	0	28	2292	0	1	1	0
1913	1	1	1	0	28	2292	0	1	1	0
1914	1	1	1	0	28	2292	0	1	1	0
1915	1	1	1	0	28	2292	0	1	1	0
1916	1	1	1	0	28	2292	0	1	1	0
1917	1	1	1	0	28	2292	0	1	1	0
1919	1	1	1	0	28	2292	0	1	1	0
1920	1	1	1	0	28	2292	0	1	1	0
1922	1	1	1	0	28	2292	0	1	1	0
1923	1	1	1	0	28	2292	0	1	1	0
1924	1	1	1	0	28	2292	0	1	1	0
1925	1	1	1	0	28	2292	0	1	1	0
1926	1	1	1	0	28	2292	0	1	1	0
1927	1	1	1	0	28	2292	0	1	1	0
1929	1	1	1	0	28	2292	0	1	1	0
1930	1	1	1	0	26	1908	0	1	1	0
1932	1	1	1	0	24	1692	0	1	1	0
1933	1	1	1	0	22	1431	0	1	1	0
1934	1	1	1	0	20	1335	0	1	1	0
1935	1	1	1	0	20	1335	0	1	1	0
1936	1	1	1	0	16	967	0	1	1	0
1937	1	1	1	0	14	807	0	1	1	0
1938	1	1	1	0	14	807	0	1	1	0
1939	1	1	1	0	12	621	0	1	1	0
1940	1	1	1	0	14	807	0	1	1	0
1942	1	1	1	0	18	1143	0	1	1	0
1943	1	1	1	0	18	1143	0	1	1	0
1944	1	1	1	0	16	967	0	1	1	0
1945	1	1	1	0	14	807	0	1	1	0
1946	1	1	1	0	14	807	0	1	1	0
1947	1	1	1	0	14	807	0	1	1	0
1948	1	1	1	0	14	807	0	1	1	0
1949	1	1	1	0	18	1143	0	1	1	0
1950	1	1	1	0	18	1143	0	1	1	0
1952	1	1	1	0	20	1335	0	1	1	0
1953	1	1	1	0	20	1335	0	1	1	0
1954	1	1	1	0	20	1335	0	1	1	0
1955	1	1	1	0	20	1335	0	1	1	0
1956	1	1	1	0	20	1335	0	1	1	0
1957	1	1	1	0	22	1431	0	1	1	0
1958	1	1	1	0	22	1431	0	1	1	0
1959	1	1	1	0	22	1431	0	1	1	0
1960	1	1	1	0	22	1431	0	1	1	0
1962	1	1	1	0	22	1431	0	1	1	0
1963	1	1	1	0	22	1431	0	1	1	0
1964	1	1	1	0	22	1431	0	1	1	0
1965	1	1	1	0	22	1431	0	1	1	0
1966	1	1	1	0	22	1431	0	1	1	0
1967	1	1	1	0	22	1431	0	1	1	0
1968	1	1	1	0	22	1431	0	1	1	0
1969	1	1	1	0	22	1431	0	1	1	0
1970	1	1	1	0	22	1431	0	1	1	0
1972	1	1	1	0	22	1431	0	1	1	0
1973	1	1	1	0	22	1431	0	1	1	0
1974	1	1	1	0	22	1431	0	1	1	0
1975	1	1	1	0	22	1431	0	1	1	0
1976	1	1	1	0	22	1431	0	1	1	0
1977	1	1	1	0	22	1431	0	1	1	0
1978	1	1	1	0	22	1431	0	1	1	0
1979	1	1	1	0	22	1431	0	1	1	0
1980	1	1	1	0	22	1431	0	1	1	0
1982	1	1	1	0	22	1431	0	1	1	0
1983	1	1	1	0	22	1431	0	1	1	0
1984	1	1	1	0	22	1431	0	1	1	0
1985	1	1	1	0	22	1431	0	1	1	0
1986	1	1	1	0	22	1431	0	1	1	0
1987	1	1	1	0	22	1431	0	1	1	0
1988	1	1	1	0	22	1431	0	1	1	0
1989	1	1	1	0	22	1431	0	1	1	0
1990	1	1	1	0	22	1431	0	1	1	0
1992	1	1	1	0	22	1431	0	1	1	0
1993	1	1	1	0	22	1431	0	1	1	0
1994	1	1	1	0	24	1692	0	1	1	0
1995	1	1	1	0	24	1692	0	1	1	0
1996	1	1	1	0	24	1692	0	1	1	0
1997	1	1	1	0	24	1692	0	1	1	0
1998	1	1	1	0	24	1692	0	1	1	0
1999	1	1	1	0	24	1692	0	1	1	0
2001	1	1	1	0	24	1692	0	1	1	0
2003	1	1	1	0	24	1692	0	1	1	0
2004	1	1	1	0	24	1692	0	1	1	0
2021	1	1	1	0	28	2292	0	1	0	0
2028	1	1	1	0	28	2292	1	0	1	0
2039	1	1	1	0	2	137	0	1	1	0
2040	1	1	1	0	2	137	0	1	1	0
2041	1	1	1	0	2	137	0	1	1	0
2042	1	1	1	0	2	137	0	1	1	0
2043	1	1	1	0	2	137	0	1	1	0
2044	1	1	1	0	2	137	0	1	1	0
2045	1	1	1	0	2	137	0	1	1	0
2046	1	1	1	0	4	225	0	1	1	0
2047	1	1	1	0	6	325	0	1	1	0
2048	1	1	1	0	8	437	0	1	1	0
2049	1	1	1	0	8	437	0	1	1	0
2050	1	1	1	0	6	325	0	1	1	0
2051	1	1	1	0	6	325	0	1	1	0
2052	1	1	1	0	4	225	0	1	1	0
2053	1	1	1	0	4	225	0	1	1	0
2054	1	1	1	0	6	325	0	1	1	0
2055	1	1	1	0	6	325	0	1	1	0
2056	1	1	1	0	8	437	0	1	1	0
2057	1	1	1	0	8	437	0	1	1	0
2058	1	1	1	0	8	437	0	1	1	0
2059	1	1	1	0	6	325	0	1	1	0
2060	1	1	1	0	6	325	0	1	1	0
2061	1	1	1	0	4	225	0	1	1	0
2062	1	1	1	0	4	225	0	1	1	0
2063	1	1	1	0	4	225	0	1	1	0
2064	1	1	1	0	4	225	0	1	1	0
2065	1	1	1	0	4	225	0	1	1	0
2066	1	1	1	0	4	225	0	1	1	0
2068	1	1	1	0	4	225	0	1	1	0
2069	1	1	1	0	6	325	0	1	1	0
2070	1	1	1	0	6	325	0	1	1	0
2071	1	1	1	0	6	325	0	1	1	0
2072	1	1	1	0	6	325	0	1	1	0
2073	1	1	1	0	6	325	0	1	1	0
2074	1	1	1	0	6	325	0	1	1	0
2075	1	1	1	0	6	325	0	1	1	0
2076	1	1	1	0	6	325	0	1	1	0
2078	1	1	1	0	4	225	0	1	1	0
2079	1	1	1	0	4	225	0	1	1	0
2080	1	1	1	0	4	225	0	1	1	0
2081	1	1	1	0	4	225	0	1	1	0
2082	1	1	1	0	6	325	0	1	1	0
2083	1	1	1	0	6	325	0	1	1	0
2084	1	1	1	0	6	325	0	1	1	0
2085	1	1	1	0	4	225	0	1	1	0
2086	1	1	1	0	4	225	0	1	1	0
2088	1	1	1	0	2	137	0	1	1	0
2089	1	1	1	0	2	137	0	1	1	0
2090	1	1	1	0	2	137	0	1	1	0
2091	1	1	1	0	4	225	0	1	1	0
2092	1	1	1	0	4	225	0	1	1	0
2093	1	1	1	0	6	325	0	1	1	0
2094	1	1	1	0	6	325	0	1	1	0
2095	1	1	1	0	4	225	0	1	1	0
2096	1	1	1	0	4	225	0	1	1	0
2098	1	1	1	0	6	325	0	1	1	0
2099	1	1	1	0	6	325	0	1	1	0
2100	1	1	1	0	4	225	0	1	1	0
2101	1	1	1	0	4	225	0	1	1	0
2102	1	1	1	0	4	225	0	1	1	0
2103	1	1	1	0	6	325	0	1	1	0
2104	1	1	1	0	6	325	0	1	1	0
2105	1	1	1	0	2	137	0	1	1	0
2106	1	1	1	0	0	85	0	1	1	0
2107	1	1	1	0	4	225	0	1	1	0
2108	1	1	1	0	4	225	0	1	1	0
2111	1	1	1	0	4	225	0	1	1	0
2112	1	1	1	0	4	225	0	1	1	0
2113	1	1	1	0	4	225	0	1	1	0
2114	1	1	1	0	6	325	0	1	1	0
2115	1	1	1	0	10	549	0	1	1	0
2116	1	1	1	0	10	549	0	1	1	0
2118	1	1	1	0	14	807	0	1	1	0
2119	1	1	1	0	16	967	0	1	1	0
2120	1	1	1	0	18	1143	0	1	1	0
2121	1	1	1	0	18	1143	0	1	1	0
2122	1	1	1	0	20	1335	0	1	1	0
2123	1	1	1	0	22	1431	0	1	1	0
2124	1	1	1	0	22	1431	0	1	1	0
2125	1	1	1	0	22	1431	0	1	1	0
2126	1	1	1	0	24	1692	0	1	1	0
2128	1	1	1	0	26	1908	0	1	1	0
2129	1	1	1	0	26	1908	0	1	1	0
2130	1	1	1	0	28	2292	0	1	1	0
2131	1	1	1	0	28	2292	0	1	1	0
2132	1	1	1	0	28	2292	0	1	1	0
2133	1	1	1	0	28	2292	0	1	1	0
2135	1	1	1	0	28	2292	0	1	1	0
2137	1	1	1	0	28	2292	0	1	1	0
2138	1	1	1	0	28	2292	0	1	1	0
2139	1	1	1	0	28	2292	0	1	1	0
2140	1	1	1	0	28	2292	0	1	1	0
2141	1	1	1	0	28	2292	0	1	1	0
2142	1	1	1	0	28	2292	0	1	1	0
2143	1	1	1	0	28	2292	0	1	1	0
2145	1	1	1	0	28	2292	0	1	1	0
2146	1	1	1	0	28	2292	0	1	1	0
2148	1	1	1	0	28	2292	0	1	1	0
2149	1	1	1	0	28	2292	0	1	1	0
2150	1	1	1	0	28	2292	0	1	1	0
2151	1	1	1	0	28	2292	0	1	1	0
2152	1	1	1	0	28	2292	0	1	1	0
2153	1	1	1	0	28	2292	0	1	1	0
2154	1	1	1	0	28	2292	0	1	1	0
2155	1	1	1	0	28	2292	0	1	1	0
2156	1	1	1	0	28	2292	0	1	1	0
2158	1	1	1	0	28	2292	0	1	1	0
2159	1	1	1	0	28	2292	0	1	1	0
2160	1	1	1	0	28	2292	0	1	1	0
2161	1	1	1	0	26	1908	0	1	1	0
2162	1	1	1	0	26	1908	0	1	1	0
2163	1	1	1	0	26	1908	0	1	1	0
2165	1	1	1	0	26	1908	0	1	1	0
2166	1	1	1	0	24	1692	0	1	1	0
2168	1	1	1	0	24	1692	0	1	1	0
2169	1	1	1	0	24	1692	0	1	1	0
2170	1	1	1	0	24	1692	0	1	1	0
2171	1	1	1	0	24	1692	0	1	1	0
2172	1	1	1	0	24	1692	0	1	1	0
2173	1	1	1	0	24	1692	0	1	1	0
2174	1	1	1	0	24	1692	0	1	1	0
2175	1	1	1	0	24	1692	0	1	1	0
2176	1	1	1	0	24	1692	0	1	1	0
2178	1	1	1	0	24	1692	0	1	1	0
2179	1	1	1	0	24	1692	0	1	1	0
2180	1	1	1	0	24	1692	0	1	1	0
2181	1	1	1	0	24	1692	0	1	1	0
2182	1	1	1	0	24	1692	0	1	1	0
2183	1	1	1	0	26	1908	0	1	1	0
2185	1	1	1	0	26	1908	0	1	1	0
2186	1	1	1	0	28	2292	0	1	1	0
2188	1	1	1	0	28	2292	0	1	1	0
2189	1	1	1	0	28	2292	0	1	1	0
2190	1	1	1	0	28	2292	0	1	1	0
2191	1	1	1	0	28	2292	0	1	1	0
2192	1	1	1	0	28	2292	0	1	1	0
2193	1	1	1	0	28	2292	0	1	1	0
2195	1	1	1	0	28	2292	0	1	1	0
2196	1	1	1	0	28	2292	0	1	1	0
2198	1	1	1	0	28	2292	0	1	1	0
2199	1	1	1	0	28	2292	0	1	1	0
2200	1	1	1	0	28	2292	0	1	1	0
2201	1	1	1	0	28	2292	0	1	1	0
2202	1	1	1	0	26	1908	0	1	1	0
2203	1	1	1	0	26	1908	0	1	1	0
2205	1	1	1	0	24	1692	0	1	1	0
2206	1	1	1	0	22	1431	0	1	1	0
2208	1	1	1	0	20	1335	0	1	1	0
2209	1	1	1	0	18	1143	0	1	1	0
2210	1	1	1	0	16	967	0	1	1	0
2211	1	1	1	0	16	967	0	1	1	0
2212	1	1	1	0	12	621	0	1	1	0
2213	1	1	1	0	8	437	0	1	1	0
2214	1	1	1	0	8	437	0	1	1	0
2216	1	1	1	0	0	85	0	1	1	0
2217	1	1	1	0	6	325	0	1	1	0
2218	1	1	1	0	8	437	0	1	1	0
2219	1	1	1	0	12	621	0	1	1	0
2220	1	1	1	0	12	621	0	1	1	0
2221	1	1	1	0	14	807	0	1	1	0
2222	1	1	1	0	14	807	0	1	1	0
2223	1	1	1	0	14	807	0	1	1	0
2224	1	1	1	0	14	807	0	1	1	0
2225	1	1	1	0	14	807	0	1	1	0
2226	1	1	1	0	14	807	0	1	1	0
2228	1	1	1	0	10	549	0	1	1	0
2229	1	1	1	0	8	437	0	1	1	0
2230	1	1	1	0	8	437	0	1	1	0
2231	1	1	1	0	10	549	0	1	1	0
2232	1	1	1	0	6	325	0	1	1	0
2233	1	1	1	0	2	137	0	1	1	0
2234	1	1	1	0	2	137	0	1	1	0
2235	1	1	1	0	6	325	0	1	1	0
2236	1	1	1	0	8	437	0	1	1	0
2238	1	1	1	0	14	807	0	1	1	0
2239	1	1	1	0	16	967	0	1	1	0
2240	1	1	1	0	18	1143	0	1	1	0
2241	1	1	1	0	20	1335	0	1	1	0
2242	1	1	1	0	20	1335	0	1	1	0
2243	1	1	1	0	20	1335	0	1	1	0
2244	1	1	1	0	20	1335	0	1	1	0
2245	1	1	1	0	22	1431	0	1	1	0
2246	1	1	1	0	22	1431	0	1	1	0
2248	1	1	1	0	24	1692	0	1	1	0
2249	1	1	1	0	24	1692	0	1	1	0
2250	1	1	1	0	24	1692	0	1	1	0
2251	1	1	1	0	26	1908	0	1	1	0
2252	1	1	1	0	26	1908	0	1	1	0
2253	1	1	1	0	26	1908	0	1	1	0
2255	1	1	1	0	28	2292	0	1	1	0
2256	1	1	1	0	28	2292	0	1	1	0
2258	1	1	1	0	28	2292	0	1	1	0
2259	1	1	1	0	28	2292	0	1	1	0
2260	1	1	1	0	28	2292	0	1	1	0
2261	1	1	1	0	28	2292	0	1	1	0
2262	1	1	1	0	28	2292	0	1	1	0
2263	1	1	1	0	28	2292	0	1	1	0
2265	1	1	1	0	28	2292	0	1	1	0
2266	1	1	1	0	28	2292	0	1	1	0
2268	1	1	1	0	28	2292	0	1	1	0
2269	1	1	1	0	28	2292	0	1	1	0
2270	1	1	1	0	28	2292	0	1	1	0
2271	1	1	1	0	28	2292	0	1	1	0
2272	1	1	1	0	28	2292	0	1	1	0
2273	1	1	1	0	28	2292	0	1	1	0
2275	1	1	1	0	28	2292	0	1	1	0
2276	1	1	1	0	28	2292	0	1	1	0
2278	1	1	1	0	28	2292	0	1	1	0
2279	1	1	1	0	28	2292	0	1	1	0
2280	1	1	1	0	28	2292	0	1	1	0
2281	1	1	1	0	28	2292	0	1	1	0
2282	1	1	1	0	28	2292	0	1	1	0
2283	1	1	1	0	28	2292	0	1	1	0
2285	1	1	1	0	28	2292	0	1	1	0
2286	1	1	1	0	28	2292	0	1	1	0
2288	1	1	1	0	28	2292	0	1	1	0
2289	1	1	1	0	28	2292	0	1	1	0
2290	1	1	1	0	28	2292	0	1	1	0
2291	1	1	1	0	28	2292	0	1	1	0
2292	1	1	1	0	28	2292	0	1	1	0
2293	1	1	1	0	28	2292	0	1	1	0
2295	1	1	1	0	28	2292	0	1	1	0
2296	1	1	1	0	28	2292	0	1	1	0
2298	1	1	1	0	28	2292	0	1	1	0
2299	1	1	1	0	28	2292	0	1	1	0
2300	1	1	1	0	28	2292	0	1	1	0
2301	1	1	1	0	28	2292	0	1	1	0
2302	1	1	1	0	28	2292	0	1	1	0
2303	1	1	1	0	28	2292	0	1	1	0
2305	1	1	1	0	28	2292	0	1	1	0
2306	1	1	1	0	28	2292	0	1	1	0
2308	1	1	1	0	28	2292	0	1	1	0
2309	1	1	1	0	28	2292	0	1	1	0
2310	1	1	1	0	28	2292	0	1	1	0
2311	1	1	1	0	28	2292	0	1	1	0
2312	1	1	1	0	28	2292	0	1	1	0
2313	1	1	1	0	26	1908	0	1	1	0
2315	1	1	1	0	24	1692	0	1	1	0
2316	1	1	1	0	24	1692	0	1	1	0
2318	1	1	1	0	22	1431	0	1	1	0
2319	1	1	1	0	20	1335	0	1	1	0
2320	1	1	1	0	20	1335	0	1	1	0
2321	1	1	1	0	20	1335	0	1	1	0
2322	1	1	1	0	20	1335	0	1	1	0
2323	1	1	1	0	20	1335	0	1	1	0
2324	1	1	1	0	20	1335	0	1	1	0
2325	1	1	1	0	20	1335	0	1	1	0
2330	1	1	1	0	22	1431	0	1	1	0
2331	1	1	1	0	22	1431	0	1	1	0
2349	1	1	1	0	18	1143	0	1	1	0
2364	1	1	1	0	22	1431	0	1	1	0
2380	1	1	1	0	28	2292	0	1	1	0
2396	1	1	1	0	28	2292	0	1	1	0
2415	1	1	1	0	28	2292	0	1	1	0
2432	1	1	1	0	28	2292	0	1	1	0
2437	1	1	1	0	28	2292	0	1	1	0
2448	1	1	1	0	20	1335	0	1	1	0
2449	1	1	1	0	20	1335	0	1	1	0
2464	1	1	1	0	22	1431	0	1	1	0
2480	1	1	1	0	26	1908	0	1	1	0
2496	1	1	1	0	28	2292	0	1	1	0
2512	1	1	1	0	28	2292	0	1	1	0
2528	1	1	1	0	24	1692	0	1	1	0
2529	1	1	1	0	24	1692	0	1	1	0
2530	1	1	1	0	24	1692	0	1	1	0
2531	1	1	1	0	24	1692	0	1	1	0
2532	1	1	1	0	24	1692	0	1	1	0
2533	1	1	1	0	24	1692	0	1	1	0
2534	1	1	1	0	24	1692	0	1	1	0
2538	1	1	1	0	24	1692	0	1	1	0
2540	1	1	1	0	24	1692	0	1	1	0
2541	1	1	1	0	24	1692	0	1	1	0
2563	1	1	1	0	28	2292	0	1	0	0
2568	1	1	1	0	18	1143	0	1	1	0
2569	1	1	1	0	18	1143	0	1	1	0
2570	1	1	1	0	28	2292	1	0	1	0
2571	1	1	1	0	12	621	0	1	1	0
2572	1	1	1	0	12	621	0	1	1	0
2573	1	1	1	0	12	621	0	1	1	0
2574	1	1	1	0	12	621	0	1	1	0
2575	1	1	1	0	6	325	0	1	1	0
2577	1	1	1	0	10	549	0	1	1	0
2578	1	1	1	0	12	621	0	1	1	0
2580	1	1	1	0	14	807	0	1	1	0
2583	1	1	1	0	14	807	0	1	1	0
2601	1	1	1	0	6	325	0	1	1	0
2616	1	1	1	0	24	1692	0	1	1	0
2632	1	1	1	0	28	2292	0	1	1	0
2633	1	1	1	0	28	2292	0	1	1	0
2634	1	1	1	0	28	2292	0	1	1	0
2635	1	1	1	0	28	2292	0	1	1	0
2636	1	1	1	0	28	2292	0	1	1	0
2637	1	1	1	0	28	2292	0	1	1	0
2638	1	1	1	0	28	2292	0	1	1	0
2639	1	1	1	0	28	2292	0	1	1	0
2641	1	1	1	0	28	2292	0	1	1	0
2642	1	1	1	0	28	2292	0	1	1	0
2643	1	1	1	0	28	2292	0	1	1	0
2644	1	1	1	0	28	2292	0	1	1	0
2645	1	1	1	0	28	2292	0	1	1	0
2646	1	1	1	0	28	2292	0	1	1	0
2647	1	1	1	0	28	2292	0	1	1	0
2648	1	1	1	0	28	2292	0	1	1	0
2649	1	1	1	0	28	2292	0	1	1	0
2651	1	1	1	0	28	2292	0	1	1	0
2652	1	1	1	0	28	2292	0	1	1	0
2653	1	1	1	0	28	2292	0	1	1	0
2654	1	1	1	0	28	2292	0	1	1	0
2655	1	1	1	0	28	2292	0	1	1	0
2656	1	1	1	0	28	2292	0	1	1	0
2657	1	1	1	0	28	2292	0	1	1	0
2658	1	1	1	0	28	2292	0	1	1	0
2661	1	1	1	0	28	2292	0	1	1	0
2662	1	1	1	0	28	2292	0	1	1	0
2663	1	1	1	0	28	2292	0	1	1	0
2664	1	1	1	0	28	2292	0	1	1	0
2665	1	1	1	0	28	2292	0	1	1	0
2668	1	1	1	0	28	2292	0	1	1	0
2669	1	1	1	0	28	2292	0	1	1	0
2671	1	1	1	0	26	1908	0	1	1	0
2672	1	1	1	0	24	1692	0	1	1	0
2673	1	1	1	0	24	1692	0	1	1	0
2674	1	1	1	0	24	1692	0	1	1	0
2675	1	1	1	0	22	1431	0	1	1	0
2676	1	1	1	0	22	1431	0	1	1	0
2677	1	1	1	0	22	1431	0	1	1	0
2678	1	1	1	0	20	1335	0	1	1	0
2679	1	1	1	0	18	1143	0	1	1	0
2681	1	1	1	0	18	1143	0	1	1	0
2682	1	1	1	0	20	1335	0	1	1	0
2683	1	1	1	0	20	1335	0	1	1	0
2684	1	1	1	0	22	1431	0	1	1	0
2685	1	1	1	0	22	1431	0	1	1	0
2686	1	1	1	0	22	1431	0	1	1	0
2687	1	1	1	0	22	1431	0	1	1	0
2688	1	1	1	0	22	1431	0	1	1	0
2689	1	1	1	0	22	1431	0	1	1	0
2691	1	1	1	0	22	1431	0	1	1	0
2692	1	1	1	0	20	1335	0	1	1	0
2693	1	1	1	0	20	1335	0	1	1	0
2694	1	1	1	0	20	1335	0	1	1	0
2695	1	1	1	0	20	1335	0	1	1	0
2696	1	1	1	0	18	1143	0	1	1	0
2697	1	1	1	0	18	1143	0	1	1	0
2698	1	1	1	0	16	967	0	1	1	0
2701	1	1	1	0	10	549	0	1	1	0
2702	1	1	1	0	6	325	0	1	1	0
2720	1	1	1	0	12	621	0	1	1	0
2735	1	1	1	0	28	2292	0	1	1	0
2755	1	1	1	0	28	2292	0	1	1	0
2774	1	1	1	0	28	2292	0	1	1	0
2792	1	1	1	0	28	2292	0	1	1	0
2828	1	1	1	0	20	1335	0	1	1	0
2829	1	1	1	0	20	1335	0	1	1	0
2844	1	1	1	0	28	2292	0	1	1	0
2946	1	1	1	0	20	1335	0	1	1	0
2947	1	1	1	0	20	1335	0	1	1	0
2959	1	1	1	0	10	549	0	1	1	0
2960	1	1	1	0	10	549	0	1	1	0
2974	1	1	1	0	20	1335	0	1	1	0
2975	1	1	1	0	20	1335	0	1	1	0
2989	1	1	1	0	12	621	0	1	1	0
3008	1	1	1	0	28	2292	0	1	1	0
3023	1	1	1	0	28	2292	0	1	1	0
3043	1	1	1	0	26	1908	0	1	1	0
3059	1	1	1	0	10	549	0	1	1	0
3060	1	1	1	0	10	549	0	1	1	0
3068	1	1	1	0	6	325	0	1	1	0
3077	1	1	1	0	20	1335	0	1	1	0
3092	1	1	1	0	28	2292	0	1	1	0
3108	1	1	1	0	28	2292	0	1	1	0
3128	1	1	1	0	28	2292	0	1	1	0
3145	1	1	1	0	28	2292	0	1	1	0
3161	1	1	1	0	28	2292	0	1	1	0
3162	1	1	1	0	28	2292	0	1	1	0
3163	1	1	1	0	28	2292	0	1	1	0
3164	1	1	1	0	28	2292	0	1	1	0
3165	1	1	1	0	28	2292	0	1	1	0
3166	1	1	1	0	28	2292	0	1	1	0
3167	1	1	1	0	28	2292	0	1	1	0
3168	1	1	1	0	28	2292	0	1	1	0
3170	1	1	1	0	28	2292	0	1	1	0
3171	1	1	1	0	28	2292	0	1	1	0
3172	1	1	1	0	28	2292	0	1	1	0
3173	1	1	1	0	28	2292	0	1	1	0
3174	1	1	1	0	28	2292	0	1	1	0
3176	1	1	1	0	28	2292	0	1	1	0
3183	1	1	1	0	28	2292	0	1	1	0
3202	1	1	1	0	28	2292	0	1	1	0
3308	1	1	1	0	20	1335	0	1	1	0
3317	1	1	1	0	24	1692	0	1	1	0
3324	1	1	1	0	28	2292	0	1	1	0
3339	1	1	1	0	28	2292	0	1	1	0
3354	1	1	1	0	28	2292	0	1	1	0
3355	1	1	1	0	28	2292	0	1	1	0
3356	1	1	1	0	28	2292	0	1	1	0
3357	1	1	1	0	28	2292	0	1	1	0
3359	1	1	1	0	28	2292	0	1	1	0
3360	1	1	1	0	28	2292	0	1	1	0
3361	1	1	1	0	28	2292	0	1	1	0
3363	1	1	1	0	28	2292	0	1	1	0
3364	1	1	1	0	28	2292	0	1	1	0
3366	1	1	1	0	28	2292	0	1	1	0
3392	1	1	1	0	28	2292	0	1	1	0
3407	1	1	1	0	24	1692	0	1	1	0
3408	1	1	1	0	24	1692	0	1	1	0
3409	1	1	1	0	24	1692	0	1	1	0
3410	1	1	1	0	24	1692	0	1	1	0
3411	1	1	1	0	24	1692	0	1	1	0
3412	1	1	1	0	24	1692	0	1	1	0
3413	1	1	1	0	24	1692	0	1	1	0
3414	1	1	1	0	22	1431	0	1	1	0
3416	1	1	1	0	22	1431	0	1	1	0
3417	1	1	1	0	20	1335	0	1	1	0
3418	1	1	1	0	20	1335	0	1	1	0
3419	1	1	1	0	20	1335	0	1	1	0
3420	1	1	1	0	20	1335	0	1	1	0
3421	1	1	1	0	20	1335	0	1	1	0
3422	1	1	1	0	20	1335	0	1	1	0
3423	1	1	1	0	22	1431	0	1	1	0
3424	1	1	1	0	22	1431	0	1	1	0
3426	1	1	1	0	24	1692	0	1	1	0
3427	1	1	1	0	24	1692	0	1	1	0
3428	1	1	1	0	24	1692	0	1	1	0
3429	1	1	1	0	24	1692	0	1	1	0
3430	1	1	1	0	24	1692	0	1	1	0
3431	1	1	1	0	26	1908	0	1	1	0
3432	1	1	1	0	26	1908	0	1	1	0
3433	1	1	1	0	26	1908	0	1	1	0
3434	1	1	1	0	26	1908	0	1	1	0
3436	1	1	1	0	28	2292	0	1	1	0
3438	1	1	1	0	28	2292	0	1	1	0
3439	1	1	1	0	28	2292	0	1	1	0
3458	1	1	1	0	28	2292	0	1	1	0
3513	1	1	1	0	28	2292	0	1	1	0
3529	1	1	1	0	28	2292	0	1	1	0
3545	1	1	1	0	28	2292	0	1	1	0
3580	1	1	1	0	28	2292	0	1	1	0
3595	1	1	1	0	26	1908	0	1	1	0
3610	1	1	1	0	20	1335	0	1	1	0
3614	1	1	1	0	20	1335	0	1	1	0
3615	1	1	1	0	20	1335	0	1	1	0
3616	1	1	1	0	20	1335	0	1	1	0
3617	1	1	1	0	18	1143	0	1	1	0
3620	1	1	1	0	18	1143	0	1	1	0
3621	1	1	1	0	16	967	0	1	1	0
3622	1	1	1	0	16	967	0	1	1	0
3623	1	1	1	0	16	967	0	1	1	0
3624	1	1	1	0	16	967	0	1	1	0
3625	1	1	1	0	16	967	0	1	1	0
3626	1	1	1	0	16	967	0	1	1	0
3627	1	1	1	0	14	807	0	1	1	0
3643	1	1	1	0	14	807	0	1	1	0
3659	1	1	1	0	14	807	0	1	1	0
3660	1	1	1	0	14	807	0	1	1	0
3661	1	1	1	0	14	807	0	1	1	0
3662	1	1	1	0	14	807	0	1	1	0
3664	1	1	1	0	14	807	0	1	1	0
3670	1	1	1	0	18	1143	0	1	1	0
3678	1	1	1	0	18	1143	0	1	1	0
3679	1	1	1	0	18	1143	0	1	1	0
3680	1	1	1	0	18	1143	0	1	1	0
3701	1	1	1	0	20	1335	0	1	1	0
3721	1	1	1	0	24	1692	0	1	1	0
3736	1	1	1	0	24	1692	0	1	1	0
3753	1	1	1	0	16	967	0	1	1	0
3787	1	1	1	0	2	137	0	1	1	0
3797	1	1	1	0	8	437	0	1	1	0
3813	1	1	1	0	10	549	0	1	1	0
3823	1	1	1	0	4	225	0	1	1	0
3833	1	1	1	0	0	85	0	1	1	0
3843	1	1	1	0	12	621	0	1	1	0
3847	1	1	1	0	18	1143	0	1	1	0
3848	1	1	1	0	18	1143	0	1	1	0
3849	1	1	1	0	18	1143	0	1	1	0
3850	1	1	1	0	20	1335	0	1	1	0
3851	1	1	1	0	20	1335	0	1	1	0
3852	1	1	1	0	20	1335	0	1	1	0
3853	1	1	1	0	20	1335	0	1	1	0
3854	1	1	1	0	18	1143	0	1	1	0
3856	1	1	1	0	16	967	0	1	1	0
3857	1	1	1	0	14	807	0	1	1	0
3858	1	1	1	0	14	807	0	1	1	0
3859	1	1	1	0	14	807	0	1	1	0
3860	1	1	1	0	12	621	0	1	1	0
3863	1	1	1	0	10	549	0	1	1	0
3867	1	1	1	0	2	137	0	1	1	0
3868	1	1	1	0	2	137	0	1	1	0
3869	1	1	1	0	2	137	0	1	1	0
3871	1	1	1	0	8	437	0	1	1	0
3873	1	1	1	0	8	437	0	1	1	0
3877	1	1	1	0	16	967	0	1	1	0
3878	1	1	1	0	18	1143	0	1	1	0
3886	1	1	1	0	20	1335	0	1	1	0
3905	1	1	1	0	22	1431	0	1	1	0
3921	1	1	1	0	22	1431	0	1	1	0
3937	1	1	1	0	26	1908	0	1	1	0
3953	1	1	1	0	28	2292	0	1	1	0
4029	1	1	1	0	12	621	0	1	1	0
4045	1	1	1	0	12	621	0	1	1	0
4060	1	1	1	0	28	2292	0	1	1	0
4061	1	1	1	0	28	2292	0	1	1	0
4062	1	1	1	0	28	2292	0	1	1	0
4063	1	1	1	0	28	2292	0	1	1	0
4064	1	1	1	0	28	2292	0	1	1	0
4091	1	1	1	0	22	1431	0	1	1	0
4098	1	1	1	0	6	325	0	1	1	0
4099	1	1	1	0	6	325	0	1	1	0
4100	1	1	1	0	6	325	0	1	1	0
4101	1	1	1	0	6	325	0	1	1	0
4102	1	1	1	0	6	325	0	1	1	0
4103	1	1	1	0	6	325	0	1	1	0
4104	1	1	1	0	6	325	0	1	1	0
4105	1	1	1	0	8	437	0	1	1	0
4106	1	1	1	0	10	549	0	1	1	0
4107	1	1	1	0	12	621	0	1	1	0
4108	1	1	1	0	14	807	0	1	1	0
4111	1	1	1	0	18	1143	0	1	1	0
4112	1	1	1	0	18	1143	0	1	1	0
4160	1	1	1	0	24	1692	0	1	1	0
4176	1	1	1	0	28	2292	0	1	1	0
4252	1	1	1	0	20	1335	0	1	1	0
4280	1	1	1	0	28	2292	0	1	1	0
4422	1	1	1	0	28	2292	0	1	1	0
4438	1	1	1	0	24	1692	0	1	1	0
4454	1	1	1	0	2	137	0	1	1	0
4455	1	1	1	0	2	137	0	1	1	0
4470	1	1	1	0	20	1335	0	1	1	0
4486	1	1	1	0	24	1692	0	1	1	0
4502	1	1	1	0	28	2292	0	1	1	0
4503	1	1	1	0	28	2292	0	1	1	0
4533	1	1	1	0	22	1431	0	1	1	0
4565	1	1	1	0	18	1143	0	1	0	0
4572	1	1	1	0	18	1143	1	0	1	0
4598	1	1	1	0	0	85	0	1	1	0
4651	1	1	1	0	0	85	0	1	1	0
4959	3	1	1	0	28	2292	0	1	1	0
4994	3	1	1	0	20	1335	0	1	1	0
5029	3	1	1	0	28	2292	0	1	1	0
5065	3	1	1	0	28	2292	0	1	1	0
5101	3	1	1	0	28	2292	0	1	1	0
5156	3	1	1	0	28	2292	0	1	1	0
5157	3	1	1	0	28	2292	0	1	1	0
5178	3	1	1	0	28	2292	0	1	1	0
5193	3	1	1	0	28	2292	0	1	1	0
5292	3	1	1	0	24	1692	0	1	1	0
5327	3	1	1	0	22	1431	0	1	1	0
5362	3	1	1	0	22	1431	0	1	1	0
5397	3	1	1	0	22	1431	0	1	1	0
5432	3	1	1	0	26	1908	0	1	1	0
5467	3	1	1	0	28	2292	0	1	1	0
5502	3	1	1	0	28	2292	0	1	1	0
5537	3	1	1	0	28	2292	0	1	1	0
5618	3	1	1	0	28	2292	0	1	1	0
5640	3	1	1	0	28	2292	0	1	1	0
5675	3	1	1	0	28	2292	0	1	1	0
5710	3	1	1	0	28	2292	0	1	1	0
5745	3	1	1	0	28	2292	0	1	1	0
5780	3	1	1	0	28	2292	0	1	1	0
5815	3	1	1	0	28	2292	0	1	1	0
5843	3	1	1	0	28	2292	0	1	1	0
5850	3	1	1	0	6	325	0	1	1	0
5851	3	1	1	0	6	325	0	1	1	0
5853	3	1	1	0	6	325	0	1	1	0
5871	3	1	1	0	28	2292	0	1	1	0
5886	3	1	1	0	28	2292	0	1	1	0
5921	3	1	1	0	28	2292	0	1	1	0
5956	3	1	1	0	28	2292	0	1	1	0
5977	3	1	1	0	20	1335	0	1	1	0
5991	3	1	1	0	22	1431	0	1	1	0
6011	3	1	1	0	28	2292	0	1	1	0
6046	3	1	1	0	28	2292	0	1	1	0
6064	3	1	1	0	28	2292	0	1	1	0
6081	3	1	1	0	28	2292	0	1	1	0
6101	3	1	1	0	28	2292	0	1	1	0
6156	3	1	1	0	2	137	0	1	1	0
6157	3	1	1	0	2	137	0	1	1	0
6185	3	1	1	0	16	967	0	1	1	0
6192	3	1	1	0	14	807	0	1	1	0
6213	3	1	1	0	24	1692	0	1	1	0
6220	3	1	1	0	28	2292	0	1	1	0
6227	3	1	1	0	28	2292	0	1	1	0
6247	3	1	1	0	28	2292	0	1	1	0
6248	3	1	1	0	28	2292	0	1	1	0
6275	3	1	1	0	28	2292	0	1	1	0
6276	3	1	1	0	28	2292	0	1	1	0
6303	3	1	1	0	28	2292	0	1	1	0
6304	3	1	1	0	28	2292	0	1	1	0
6331	3	1	1	0	28	2292	0	1	1	0
6362	3	1	1	0	28	2292	0	1	1	0
6397	3	1	1	0	28	2292	0	1	1	0
6432	3	1	1	0	4	225	0	1	1	0
6433	3	1	1	0	4	225	0	1	1	0
6434	3	1	1	0	4	225	0	1	1	0
6454	3	1	1	0	28	2292	0	1	1	0
6468	3	1	1	0	28	2292	0	1	1	0
6490	3	1	1	0	28	2292	0	1	1	0
6524	3	1	1	0	28	2292	0	1	1	0
6559	3	1	1	0	28	2292	0	1	1	0
6617	3	1	1	0	24	1692	0	1	1	0
6652	3	1	1	0	28	2292	0	1	1	0
6687	3	1	1	0	28	2292	0	1	1	0
6722	3	1	1	0	28	2292	0	1	1	0
6757	3	1	1	0	28	2292	0	1	1	0
6817	3	1	1	0	28	2292	0	1	0	0
6843	3	1	1	0	16	967	0	1	1	0
6871	3	1	1	0	28	2292	0	1	1	0
6938	3	1	1	0	22	1431	0	1	1	0
6973	3	1	1	0	28	2292	0	1	1	0
7021	3	1	1	0	18	1143	0	1	1	0
7041	3	1	1	0	14	807	0	1	1	0
7056	3	1	1	0	18	1143	0	1	1	0
7080	3	1	1	0	0	85	0	1	1	0
7081	3	1	1	0	0	85	0	1	1	0
7085	3	1	1	0	0	85	0	1	1	0
7091	3	1	1	0	24	1692	0	1	1	0
7148	3	1	1	0	28	2292	0	1	1	0
7183	3	1	1	0	26	1908	0	1	1	0
7274	3	1	1	0	20	1335	0	1	1	0
7311	3	1	1	0	20	1335	0	1	1	0
7347	3	1	1	0	18	1143	0	1	1	0
7382	3	1	1	0	28	2292	0	1	1	0
7407	3	1	1	0	24	1692	0	1	1	0
7410	3	1	1	0	24	1692	0	1	1	0
7417	3	1	1	0	22	1431	0	1	1	0
7443	3	1	1	0	20	1335	0	1	1	0
7452	3	1	1	0	22	1431	0	1	1	0
7520	3	1	1	0	22	1431	0	1	0	0
7527	3	1	1	0	22	1431	1	0	1	0
7528	3	1	1	0	0	85	0	1	1	0
7529	3	1	1	0	0	85	0	1	1	0
7530	3	1	1	0	0	85	0	1	1	0
7531	3	1	1	0	0	85	0	1	1	0
7532	3	1	1	0	0	85	0	1	1	0
7533	3	1	1	0	0	85	0	1	1	0
7615	3	1	1	0	6	325	0	1	1	0
7616	3	1	1	0	6	325	0	1	1	0
7622	3	1	1	0	18	1143	0	1	1	0
7623	3	1	1	0	18	1143	0	1	1	0
8658	4	1	1	0	28	2292	0	1	1	0
8858	4	1	1	0	28	2292	0	1	1	0
8893	4	1	1	0	28	2292	0	1	1	0
8968	4	1	1	0	4	225	0	1	1	0
9028	4	1	1	0	28	2292	0	1	1	0
9063	4	1	1	0	20	1335	0	1	1	0
9083	4	1	1	0	14	807	0	1	1	0
9111	4	1	1	0	22	1431	0	1	1	0
9120	4	1	1	0	28	2292	0	1	1	0
9156	4	1	1	0	28	2292	0	1	1	0
9400	4	1	1	0	14	807	0	1	1	0
9435	4	1	1	0	20	1335	0	1	1	0
10530	5	1	1	0	26	1908	0	1	1	0
10770	5	1	1	0	28	2292	0	1	1	0
10825	5	1	1	0	24	1692	0	1	1	0
10860	5	1	1	0	28	2292	0	1	1	0
10895	5	1	1	0	26	1908	0	1	1	0
10930	5	1	1	0	28	2292	0	1	1	0
10965	5	1	1	0	28	2292	0	1	1	0
11001	5	1	1	0	28	2292	0	1	1	0
11029	5	1	1	0	28	2292	0	1	1	0
11129	5	1	1	0	28	2292	0	1	1	0
11184	5	1	1	0	28	2292	0	1	1	0
11219	5	1	1	0	28	2292	0	1	1	0
11240	5	1	1	0	28	2292	0	1	1	0
11247	5	1	1	0	28	2292	0	1	1	0
11254	5	1	1	0	28	2292	0	1	1	0
11294	5	1	1	0	28	2292	0	1	1	0
11306	5	1	1	0	24	1692	0	1	1	0
11341	5	1	1	0	16	967	0	1	1	0
11363	5	1	1	0	26	1908	0	1	1	0
11398	5	1	1	0	28	2292	0	1	1	0
11440	5	1	1	0	28	2292	0	1	1	0
11497	6	1	1	0	28	2292	0	1	1	0
11576	6	1	1	0	28	2292	0	1	1	0
11611	6	1	1	0	24	1692	0	1	1	0
11646	6	1	1	0	22	1431	0	1	1	0
11681	6	1	1	0	28	2292	0	1	1	0
11896	6	1	1	0	28	2292	0	1	1	0
11931	6	1	1	0	22	1431	0	1	1	0
11966	6	1	1	0	14	807	0	1	1	0
12001	6	1	1	0	18	1143	0	1	1	0
12021	6	1	1	0	28	2292	0	1	1	0
12037	6	1	1	0	28	2292	0	1	1	0
12072	6	1	1	0	28	2292	0	1	1	0
12107	6	1	1	0	24	1692	0	1	1	0
12142	6	1	1	0	28	2292	0	1	1	0
12163	6	1	1	0	28	2292	0	1	1	0
12179	6	1	1	0	28	2292	0	1	1	0
12200	6	1	1	0	24	1692	0	1	1	0
12256	6	1	1	0	22	1431	0	1	1	0
12395	6	1	1	0	24	1692	0	1	1	0
12415	6	1	1	0	28	2292	0	1	1	0
12431	6	1	1	0	28	2292	0	1	1	0
12452	6	1	1	0	28	2292	0	1	1	0
12487	6	1	1	0	28	2292	0	1	1	0
12522	6	1	1	0	28	2292	0	1	1	0
12557	6	1	1	0	20	1335	0	1	1	0
12577	6	1	1	0	26	1908	0	1	1	0
13812	7	1	1	0	28	2292	0	1	1	0
13947	7	1	1	0	28	2292	0	1	1	0
13967	7	1	1	0	24	1692	0	1	1	0
13983	7	1	1	0	24	1692	0	1	1	0
14238	8	1	1	0	18	1143	0	1	1	0
14258	8	1	1	0	28	2292	0	1	1	0
14274	8	1	1	0	26	1908	0	1	1	0
14309	8	1	1	0	28	2292	0	1	1	0
14344	8	1	1	0	28	2292	0	1	1	0
14379	8	1	1	0	22	1431	0	1	1	0
14414	8	1	1	0	20	1335	0	1	1	0
14449	8	1	1	0	28	2292	0	1	1	0
14484	8	1	1	0	28	2292	0	1	1	0
14540	8	1	1	0	28	2292	0	1	1	0
14561	8	1	1	0	24	1692	0	1	0	0
14568	8	1	1	0	24	1692	1	0	1	0
14608	8	1	1	0	0	85	0	1	1	0
14609	8	1	1	0	0	85	0	1	1	0
14623	8	1	1	0	2	137	0	1	1	0
14643	8	1	1	0	14	807	0	1	1	0
14659	8	1	1	0	6	325	0	1	1	0
14678	8	1	1	0	18	1143	0	1	1	0
14713	8	1	1	0	28	2292	0	1	1	0
14748	8	1	1	0	22	1431	0	1	1	0
14783	8	1	1	0	28	2292	0	1	1	0
14838	8	1	1	0	28	2292	0	1	1	0
14862	8	1	1	0	28	2292	0	1	1	0
14873	8	1	1	0	28	2292	0	1	1	0
14874	8	1	1	0	28	2292	0	1	1	0
14897	8	1	1	0	28	2292	0	1	1	0
14930	8	1	1	0	28	2292	0	1	1	0
14965	8	1	1	0	28	2292	0	1	1	0
15000	8	1	1	0	26	1908	0	1	1	0
15035	8	1	1	0	28	2292	0	1	1	0
15070	8	1	1	0	22	1431	0	1	1	0
15106	8	1	1	0	28	2292	0	1	1	0
15128	8	1	1	0	26	1908	0	1	1	0
15163	8	1	1	0	28	2292	0	1	1	0
15198	8	1	1	0	28	2292	0	1	1	0
15235	8	1	1	0	28	2292	0	1	1	0
15271	8	1	1	0	28	2292	0	1	1	0
15333	8	1	1	0	28	2292	0	1	1	0
15361	8	1	1	0	28	2292	0	1	1	0
15368	8	1	1	0	16	967	0	1	1	0
15389	8	1	1	0	10	549	0	1	1	0
15396	8	1	1	0	28	2292	0	1	1	0
15424	8	1	1	0	28	2292	0	1	1	0
15425	8	1	1	0	28	2292	0	1	1	0
15431	8	1	1	0	28	2292	0	1	1	0
15453	8	1	1	0	28	2292	0	1	1	0
15456	8	1	1	0	28	2292	0	1	1	0
15486	8	1	1	0	28	2292	0	1	1	0
15521	8	1	1	0	28	2292	0	1	1	0
15556	8	1	1	0	28	2292	0	1	1	0
15583	8	1	1	0	28	2292	0	1	1	0
15584	8	1	1	0	28	2292	0	1	1	0
15591	8	1	1	0	28	2292	0	1	1	0
15618	8	1	1	0	24	1692	0	1	1	0
15619	8	1	1	0	24	1692	0	1	1	0
15620	8	1	1	0	24	1692	0	1	1	0
15626	8	1	1	0	18	1143	0	1	1	0
15649	8	1	1	0	6	325	0	1	1	0
15652	8	1	1	0	6	325	0	1	1	0
15654	8	1	1	0	6	325	0	1	1	0
15681	8	1	1	0	14	807	0	1	1	0
15711	8	1	1	0	28	2292	0	1	1	0
15739	8	1	1	0	28	2292	0	1	1	0
15746	8	1	1	0	28	2292	0	1	1	0
15770	8	1	1	0	28	2292	0	1	1	0
15774	8	1	1	0	28	2292	0	1	1	0
15775	8	1	1	0	28	2292	0	1	1	0
15781	8	1	1	0	28	2292	0	1	1	0
15782	8	1	1	0	28	2292	0	1	1	0
15805	8	1	1	0	28	2292	0	1	1	0
15810	8	1	1	0	28	2292	0	1	1	0
15811	8	1	1	0	28	2292	0	1	1	0
15817	8	1	1	0	28	2292	0	1	1	0
15818	8	1	1	0	28	2292	0	1	1	0
15840	8	1	1	0	28	2292	0	1	1	0
15846	8	1	1	0	28	2292	0	1	1	0
15873	8	1	1	0	28	2292	0	1	1	0
15874	8	1	1	0	28	2292	0	1	1	0
15901	8	1	1	0	28	2292	0	1	1	0
15902	8	1	1	0	28	2292	0	1	1	0
15908	8	1	1	0	28	2292	0	1	1	0
15933	8	1	1	0	28	2292	0	1	1	0
15941	8	1	1	0	28	2292	0	1	1	0
15966	8	1	1	0	28	2292	0	1	1	0
15976	8	1	1	0	28	2292	0	1	1	0
16001	8	1	1	0	28	2292	0	1	1	0
16061	8	1	1	0	22	1431	0	1	1	0
16062	8	1	1	0	22	1431	0	1	1	0
16063	8	1	1	0	22	1431	0	1	1	0
16090	8	1	1	0	28	2292	0	1	1	0
16093	8	1	1	0	28	2292	0	1	1	0
16096	8	1	1	0	28	2292	0	1	1	0
16121	8	1	1	0	28	2292	0	1	1	0
16128	8	1	1	0	14	807	0	1	1	0
16184	8	1	1	0	20	1335	0	1	1	0
16200	8	1	1	0	28	2292	0	1	1	0
16219	8	1	1	0	26	1908	0	1	1	0
16235	8	1	1	0	4	225	0	1	1	0
16236	8	1	1	0	4	225	0	1	1	0
16237	8	1	1	0	4	225	0	1	1	0
16260	8	1	1	0	24	1692	0	1	1	0
16265	8	1	1	0	24	1692	0	1	1	0
16296	8	1	1	0	28	2292	0	1	1	0
16331	8	1	1	0	28	2292	0	1	1	0
16366	8	1	1	0	28	2292	0	1	1	0
16382	8	1	1	0	22	1431	0	1	1	0
16401	8	1	1	0	28	2292	0	1	1	0
16429	8	1	1	0	28	2292	0	1	1	0
16507	8	1	1	0	28	2292	0	1	1	0
16524	8	1	1	0	28	2292	0	1	0	0
16531	8	1	1	0	28	2292	1	0	1	0
16546	8	1	1	0	10	549	0	1	1	0
16602	8	1	1	0	28	2292	0	1	1	0
16619	8	1	1	0	24	1692	0	1	1	0
16635	8	1	1	0	26	1908	0	1	1	0
16763	8	1	1	0	28	2292	0	1	0	0
16808	8	1	1	0	10	549	0	1	1	0
17028	8	1	1	0	24	1692	0	1	1	0
18223	9	1	1	0	16	967	0	1	1	0
18243	9	1	1	0	28	2292	0	1	1	0
18299	9	1	1	0	26	1908	0	1	0	0
18306	9	1	1	0	26	1908	1	0	1	0
18319	9	1	1	0	16	967	0	1	1	0
18341	9	1	1	0	26	1908	0	1	1	0
18376	9	1	1	0	26	1908	0	1	1	0
18411	9	1	1	0	28	2292	0	1	1	0
18446	9	1	1	0	28	2292	0	1	1	0
18481	10	1	1	0	0	85	0	1	1	0
18482	10	1	1	0	0	85	0	1	1	0
18483	10	1	1	0	0	85	0	1	1	0
18484	10	1	1	0	0	85	0	1	1	0
18504	10	1	1	0	28	2292	0	1	1	0
18512	10	1	1	0	16	967	0	1	1	0
18517	10	1	1	0	16	967	0	1	1	0
18539	10	1	1	0	8	437	0	1	1	0
18547	10	1	1	0	22	1431	0	1	1	0
18572	10	1	1	0	28	2292	0	1	1	0
18579	10	1	1	0	28	2292	0	1	1	0
18582	10	1	1	0	28	2292	0	1	1	0
18607	10	1	1	0	28	2292	0	1	1	0
18608	10	1	1	0	28	2292	0	1	1	0
18635	10	1	1	0	28	2292	0	1	1	0
18642	10	1	1	0	28	2292	0	1	1	0
18665	10	1	1	0	28	2292	0	1	1	0
18670	10	1	1	0	28	2292	0	1	1	0
18671	10	1	1	0	28	2292	0	1	1	0
18677	10	1	1	0	28	2292	0	1	1	0
18678	10	1	1	0	28	2292	0	1	1	0
18700	10	1	1	0	28	2292	0	1	1	0
18706	10	1	1	0	28	2292	0	1	1	0
18707	10	1	1	0	28	2292	0	1	1	0
18713	10	1	1	0	28	2292	0	1	1	0
18735	10	1	1	0	28	2292	0	1	1	0
18770	10	1	1	0	28	2292	0	1	1	0
18805	10	1	1	0	28	2292	0	1	1	0
18840	10	1	1	0	28	2292	0	1	1	0
18875	10	1	1	0	28	2292	0	1	1	0
18910	10	1	1	0	28	2292	0	1	1	0
18945	10	1	1	0	28	2292	0	1	1	0
18980	10	1	1	0	28	2292	0	1	1	0
19015	10	1	1	0	20	1335	0	1	1	0
19050	10	1	1	0	20	1335	0	1	1	0
19085	10	1	1	0	28	2292	0	1	1	0
19120	10	1	1	0	28	2292	0	1	1	0
19157	10	1	1	0	28	2292	0	1	1	0
19211	10	1	1	0	28	2292	0	1	1	0
19246	10	1	1	0	28	2292	0	1	1	0
19281	10	1	1	0	28	2292	0	1	0	0
19288	10	1	1	0	28	2292	1	0	1	0
19323	10	1	1	0	16	967	0	1	1	0
19358	10	1	1	0	28	2292	0	1	1	0
19393	10	1	1	0	28	2292	0	1	1	0
19428	10	1	1	0	28	2292	0	1	1	0
19463	10	1	1	0	22	1431	0	1	1	0
19498	10	1	1	0	28	2292	0	1	1	0
19533	10	1	1	0	28	2292	0	1	1	0
19548	10	1	1	0	22	1431	0	1	1	0
19568	10	1	1	0	8	437	0	1	1	0
19569	10	1	1	0	8	437	0	1	1	0
19597	10	1	1	0	8	437	0	1	1	0
19625	10	1	1	0	8	437	0	1	1	0
19631	10	1	1	0	8	437	0	1	1	0
19632	10	1	1	0	6	325	0	1	1	0
19637	10	1	1	0	6	325	0	1	1	0
19687	10	1	1	0	18	1143	0	1	1	0
19722	10	1	1	0	14	807	0	1	1	0
19757	10	1	1	0	20	1335	0	1	1	0
19792	10	1	1	0	24	1692	0	1	1	0
19827	10	1	1	0	14	807	0	1	1	0
19862	10	1	1	0	28	2292	0	1	1	0
19897	10	1	1	0	24	1692	0	1	1	0
19898	10	1	1	0	24	1692	0	1	1	0
19925	10	1	1	0	24	1692	0	1	1	0
19926	10	1	1	0	24	1692	0	1	1	0
19932	10	1	1	0	26	1908	0	1	1	0
19934	10	1	1	0	28	2292	0	1	1	0
19935	10	1	1	0	28	2292	0	1	1	0
19960	10	1	1	0	28	2292	0	1	1	0
19961	10	1	1	0	28	2292	0	1	1	0
19962	10	1	1	0	28	2292	0	1	1	0
19967	10	1	1	0	28	2292	0	1	1	0
19993	10	1	1	0	24	1692	0	1	1	0
