% time	cellId	IMSI	RNTI	sinrLinear	componentCarrierId
0.041	1	1	1	3948.98	0
0.081	1	1	1	2940.09	0
0.121	1	1	1	419.624	0
0.161	1	1	1	3160.45	0
0.201	1	1	1	589.835	0
0.241	1	1	1	2483.29	0
0.281	1	1	1	6146.01	0
0.321	1	1	1	2021.82	0
0.361	1	1	1	1546.05	0
0.401	1	1	1	2391.1	0
0.441	1	1	1	414.251	0
0.481	1	1	1	355.239	0
0.521	1	1	1	1239.14	0
0.561	1	1	1	81.5905	0
0.601	1	1	1	658.662	0
0.641	1	1	1	520.26	0
0.681	1	1	1	337.491	0
0.721	1	1	1	845.154	0
0.761	1	1	1	955.033	0
0.801	1	1	1	1787.46	0
0.841	1	1	1	216.928	0
0.881	1	1	1	2223.41	0
0.921	1	1	1	5691	0
0.961	1	1	1	2823.2	0
1.001	1	1	1	5515.61	0
1.041	1	1	1	2463.41	0
1.081	1	1	1	2384.3	0
1.121	1	1	1	485.395	0
1.161	1	1	1	1396.86	0
1.201	1	1	1	2511.53	0
1.241	1	1	1	603.878	0
1.281	1	1	1	2606.66	0
1.321	1	1	1	1402.33	0
1.361	1	1	1	1269.98	0
1.401	1	1	1	4209.45	0
1.441	1	1	1	1537.96	0
1.481	1	1	1	4511.55	0
1.521	1	1	1	1392.16	0
1.561	1	1	1	757.673	0
1.601	1	1	1	3589.53	0
1.641	1	1	1	8176	0
1.681	1	1	1	3928.56	0
1.721	1	1	1	364.6	0
1.761	1	1	1	2867.02	0
1.801	1	1	1	2873.55	0
1.841	1	1	1	1381.27	0
1.881	1	1	1	3526.1	0
1.921	1	1	1	886.554	0
1.961	1	1	1	844.994	0
2.001	1	1	1	980.946	0
2.041	1	1	1	631.684	0
2.081	1	1	1	400.568	0
2.121	1	1	1	457.877	0
2.161	1	1	1	1179	0
2.201	1	1	1	627.938	0
2.241	1	1	1	1010.04	0
2.281	1	1	1	1485.5	0
2.321	1	1	1	488.258	0
2.361	1	1	1	901.353	0
2.401	1	1	1	1296.91	0
2.441	1	1	1	783.447	0
2.481	1	1	1	1203.94	0
2.521	1	1	1	1056.59	0
2.561	1	1	1	537.903	0
2.601	1	1	1	949.183	0
2.641	1	1	1	1283.65	0
2.681	1	1	1	406.315	0
2.721	1	1	1	830.228	0
2.761	1	1	1	1110.37	0
2.801	1	1	1	671.756	0
2.841	1	1	1	1067.86	0
2.881	1	1	1	1186.69	0
2.921	1	1	1	388.964	0
2.961	1	1	1	289.026	0
3.001	1	1	1	1201.56	0
3.041	1	1	1	167.411	0
3.081	1	1	1	2229.26	0
3.121	1	1	1	5089.29	0
3.161	1	1	1	2254.58	0
3.201	1	1	1	879.335	0
3.241	1	1	1	1477.16	0
3.281	1	1	1	170.416	0
3.321	1	1	1	1503.97	0
3.361	1	1	1	2125.47	0
3.401	1	1	1	290.397	0
3.441	1	1	1	868.67	0
3.481	1	1	1	1079.83	0
3.521	1	1	1	1081.01	0
3.561	1	1	1	980.642	0
3.601	1	1	1	454.237	0
3.641	1	1	1	598.9	0
3.681	1	1	1	1138.87	0
3.721	1	1	1	367.616	0
3.761	1	1	1	160.585	0
3.801	1	1	1	527.51	0
3.841	1	1	1	136.822	0
3.881	1	1	1	426.596	0
3.921	1	1	1	448.857	0
3.961	1	1	1	848.649	0
4.001	1	1	1	652.551	0
4.041	1	1	1	502.715	0
4.081	1	1	1	1744.17	0
4.121	1	1	1	628.712	0
4.161	1	1	1	1713.3	0
4.201	1	1	1	1441.77	0
4.241	1	1	1	301.668	0
4.281	1	1	1	1632.19	0
4.321	1	1	1	761.435	0
4.361	1	1	1	1669.69	0
4.401	1	1	1	1920.43	0
4.441	1	1	1	213.822	0
4.481	1	1	1	772.026	0
4.521	1	1	1	508.576	0
4.561	1	1	1	4.22131	0
4.601	1	1	1	122.031	0
4.641	1	1	1	20.3139	0
4.681	3	1	1	748.803	0
4.721	3	1	1	261.811	0
4.761	3	1	1	585.591	0
4.801	3	1	1	1058.56	0
4.841	3	1	1	507.406	0
4.881	3	1	1	1209.28	0
4.921	3	1	1	1273.35	0
4.961	3	1	1	417.587	0
5.001	3	1	1	614.743	0
5.041	3	1	1	3237.02	0
5.081	3	1	1	2256.66	0
5.121	3	1	1	2413.45	0
5.161	3	1	1	3129.87	0
5.201	3	1	1	442.532	0
5.241	3	1	1	1145.2	0
5.281	3	1	1	732.282	0
5.321	3	1	1	516.806	0
5.361	3	1	1	618.234	0
5.401	3	1	1	2317.23	0
5.441	3	1	1	3506.31	0
5.481	3	1	1	1567.36	0
5.521	3	1	1	1420.66	0
5.561	3	1	1	830.052	0
5.601	3	1	1	2511.38	0
5.641	3	1	1	7569.97	0
5.681	3	1	1	6563.72	0
5.721	3	1	1	1048.56	0
5.761	3	1	1	2077.15	0
5.801	3	1	1	3225.97	0
5.841	3	1	1	1718.41	0
5.881	3	1	1	3337.36	0
5.921	3	1	1	1454.89	0
5.961	3	1	1	487.731	0
6.001	3	1	1	1339.79	0
6.041	3	1	1	3439.69	0
6.081	3	1	1	2709.86	0
6.121	3	1	1	709.484	0
6.161	3	1	1	414.473	0
6.201	3	1	1	386.596	0
6.241	3	1	1	1552.71	0
6.281	3	1	1	3205.23	0
6.321	3	1	1	3237.82	0
6.361	3	1	1	2123.54	0
6.401	3	1	1	675.377	0
6.441	3	1	1	1569.77	0
6.481	3	1	1	4104.71	0
6.521	3	1	1	2606.97	0
6.561	3	1	1	2815.37	0
6.601	3	1	1	370.368	0
6.641	3	1	1	5600.7	0
6.681	3	1	1	6039.63	0
6.721	3	1	1	1695.94	0
6.761	3	1	1	3297.66	0
6.801	3	1	1	1307.08	0
6.841	3	1	1	533.288	0
6.881	3	1	1	1696.06	0
6.921	3	1	1	158.561	0
6.961	3	1	1	782.84	0
7.001	3	1	1	409.26	0
7.041	3	1	1	122.243	0
7.081	3	1	1	374.482	0
7.121	3	1	1	1140.18	0
7.161	3	1	1	1155.29	0
7.201	3	1	1	424.536	0
7.241	3	1	1	193.647	0
7.281	3	1	1	430.166	0
7.321	3	1	1	187.024	0
7.361	3	1	1	371.061	0
7.401	3	1	1	850.654	0
7.441	3	1	1	486.943	0
7.481	3	1	1	831.392	0
7.521	3	1	1	34.3148	0
7.561	3	1	1	438.397	0
7.601	3	1	1	238.05	0
7.641	3	1	1	472.877	0
7.681	4	1	1	2678.58	0
7.721	4	1	1	2482.97	0
7.761	4	1	1	4802.03	0
7.801	4	1	1	826.84	0
7.841	4	1	1	3086.39	0
7.881	4	1	1	3195.11	0
7.921	4	1	1	2493.09	0
7.961	4	1	1	6050.06	0
8.001	4	1	1	538.741	0
8.041	4	1	1	1415.24	0
8.081	4	1	1	1667.72	0
8.121	4	1	1	640.6	0
8.161	4	1	1	756.91	0
8.201	4	1	1	816.91	0
8.241	4	1	1	376.161	0
8.281	4	1	1	292.055	0
8.321	4	1	1	892.877	0
8.361	4	1	1	545.506	0
8.401	4	1	1	663.088	0
8.441	4	1	1	1083.74	0
8.481	4	1	1	429.973	0
8.521	4	1	1	295.263	0
8.561	4	1	1	285.517	0
8.601	4	1	1	424.201	0
8.641	4	1	1	3436.78	0
8.681	4	1	1	4189.48	0
8.721	4	1	1	704.205	0
8.761	4	1	1	1565.28	0
8.801	4	1	1	2278.25	0
8.841	4	1	1	808.225	0
8.881	4	1	1	1851.92	0
8.921	4	1	1	1964.53	0
8.961	4	1	1	601.108	0
9.001	4	1	1	1267.53	0
9.041	4	1	1	388.258	0
9.081	4	1	1	321.01	0
9.121	4	1	1	990.554	0
9.161	4	1	1	226.73	0
9.201	4	1	1	337.976	0
9.241	4	1	1	981.619	0
9.281	4	1	1	783.442	0
9.321	4	1	1	353.338	0
9.361	4	1	1	612.682	0
9.401	4	1	1	961.131	0
9.441	4	1	1	202.209	0
9.481	5	1	1	1034.81	0
9.521	5	1	1	2630.3	0
9.561	5	1	1	2241.63	0
9.601	5	1	1	2082.16	0
9.641	5	1	1	949.759	0
9.681	5	1	1	815.847	0
9.721	5	1	1	1424.89	0
9.761	5	1	1	493.899	0
9.801	5	1	1	244.023	0
9.841	5	1	1	131.881	0
9.881	5	1	1	136.99	0
9.921	5	1	1	159.517	0
9.961	5	1	1	378.638	0
10.001	5	1	1	3520.34	0
10.041	5	1	1	2046.42	0
10.081	5	1	1	561.36	0
10.121	5	1	1	1991.79	0
10.161	5	1	1	6116.88	0
10.201	5	1	1	6018.48	0
10.241	5	1	1	900.247	0
10.281	5	1	1	2293.31	0
10.321	5	1	1	5558.32	0
10.361	5	1	1	3009.08	0
10.401	5	1	1	1851.57	0
10.441	5	1	1	1255.37	0
10.481	5	1	1	197.115	0
10.521	5	1	1	1046.6	0
10.561	5	1	1	563.316	0
10.601	5	1	1	216.359	0
10.641	5	1	1	178.114	0
10.681	5	1	1	1697.8	0
10.721	5	1	1	4164.02	0
10.761	5	1	1	1698.18	0
10.801	5	1	1	601.678	0
10.841	5	1	1	2205.94	0
10.881	5	1	1	1067.92	0
10.921	5	1	1	1084.94	0
10.961	5	1	1	1985.47	0
11.001	5	1	1	777.104	0
11.041	5	1	1	2558.07	0
11.081	5	1	1	1064.91	0
11.121	5	1	1	808.058	0
11.161	5	1	1	1972	0
11.201	5	1	1	841.342	0
11.241	5	1	1	2620.59	0
11.281	5	1	1	1696.88	0
11.321	5	1	1	238.686	0
11.361	5	1	1	1136.07	0
11.401	5	1	1	881.718	0
11.441	5	1	1	831.975	0
11.481	6	1	1	1901.23	0
11.521	6	1	1	495.704	0
11.561	6	1	1	4477.65	0
11.601	6	1	1	6775.17	0
11.641	6	1	1	3047.16	0
11.681	6	1	1	2444.76	0
11.721	6	1	1	1059.43	0
11.761	6	1	1	594.58	0
11.801	6	1	1	2465.09	0
11.841	6	1	1	792.5	0
11.881	6	1	1	1581.23	0
11.921	6	1	1	1905.18	0
11.961	6	1	1	380.536	0
12.001	6	1	1	1133.55	0
12.041	6	1	1	1599.25	0
12.081	6	1	1	750.192	0
12.121	6	1	1	2287.46	0
12.161	6	1	1	1447.97	0
12.201	6	1	1	231.972	0
12.241	6	1	1	886.369	0
12.281	6	1	1	231.662	0
12.321	6	1	1	489.083	0
12.361	6	1	1	604.316	0
12.401	6	1	1	2022.6	0
12.441	6	1	1	1398.01	0
12.481	6	1	1	2027.58	0
12.521	6	1	1	286.099	0
12.561	6	1	1	552.348	0
12.601	6	1	1	761.163	0
12.641	6	1	1	456.74	0
12.681	7	1	1	2382.65	0
12.721	7	1	1	280.651	0
12.761	7	1	1	1298.75	0
12.801	7	1	1	5371.08	0
12.841	7	1	1	1143.12	0
12.881	7	1	1	3555.1	0
12.921	7	1	1	10407.5	0
12.961	7	1	1	4575.1	0
13.001	7	1	1	1232.68	0
13.041	7	1	1	135.104	0
13.081	7	1	1	2695.33	0
13.121	7	1	1	3493.47	0
13.161	7	1	1	1078.72	0
13.201	7	1	1	369.911	0
13.241	7	1	1	561.341	0
13.281	7	1	1	215.303	0
13.321	7	1	1	960.792	0
13.361	7	1	1	1097.8	0
13.401	7	1	1	954.578	0
13.441	7	1	1	4734.71	0
13.481	7	1	1	7074.77	0
13.521	7	1	1	378.939	0
13.561	7	1	1	959.326	0
13.601	7	1	1	600.345	0
13.641	7	1	1	414.842	0
13.681	7	1	1	667.505	0
13.721	7	1	1	1785.86	0
13.761	7	1	1	2650.01	0
13.801	7	1	1	1162.37	0
13.841	7	1	1	7547.29	0
13.881	7	1	1	9902.79	0
13.921	7	1	1	2793.8	0
13.961	7	1	1	1025.42	0
14.001	7	1	1	543.701	0
14.041	7	1	1	626.717	0
14.081	8	1	1	118.951	0
14.121	8	1	1	481.312	0
14.161	8	1	1	410.385	0
14.201	8	1	1	617.342	0
14.241	8	1	1	1174.45	0
14.281	8	1	1	609.396	0
14.321	8	1	1	1790.99	0
14.361	8	1	1	1858.15	0
14.401	8	1	1	727.215	0
14.441	8	1	1	977.343	0
14.481	8	1	1	994.86	0
14.521	8	1	1	1841.51	0
14.561	8	1	1	51.2908	0
14.601	8	1	1	388.13	0
14.641	8	1	1	84.4228	0
14.681	8	1	1	786.86	0
14.721	8	1	1	836.708	0
14.761	8	1	1	569.275	0
14.801	8	1	1	3790.83	0
14.841	8	1	1	3408.66	0
14.881	8	1	1	854.718	0
14.921	8	1	1	1519.44	0
14.961	8	1	1	686.138	0
15.001	8	1	1	1620.51	0
15.041	8	1	1	1188.73	0
15.081	8	1	1	1375.07	0
15.121	8	1	1	1623.31	0
15.161	8	1	1	608.255	0
15.201	8	1	1	3082.29	0
15.241	8	1	1	2391.51	0
15.281	8	1	1	297.892	0
15.321	8	1	1	1197.11	0
15.361	8	1	1	175.822	0
15.401	8	1	1	1445.15	0
15.441	8	1	1	3196.09	0
15.481	8	1	1	1475.19	0
15.521	8	1	1	651.422	0
15.561	8	1	1	1274.34	0
15.601	8	1	1	414.612	0
15.641	8	1	1	642.655	0
15.681	8	1	1	2312.7	0
15.721	8	1	1	1811.46	0
15.761	8	1	1	840.158	0
15.801	8	1	1	1751.36	0
15.841	8	1	1	1800.89	0
15.881	8	1	1	1320.09	0
15.921	8	1	1	3444.37	0
15.961	8	1	1	4078.85	0
16.001	8	1	1	1816.18	0
16.041	8	1	1	437.268	0
16.081	8	1	1	1481.9	0
16.121	8	1	1	1106.12	0
16.161	8	1	1	509.996	0
16.201	8	1	1	2425.33	0
16.241	8	1	1	978.799	0
16.281	8	1	1	2137.98	0
16.321	8	1	1	2277.61	0
16.361	8	1	1	335.743	0
16.401	8	1	1	2184.83	0
16.441	8	1	1	1183.05	0
16.481	8	1	1	2046.65	0
16.521	8	1	1	404.87	0
16.561	8	1	1	1350.34	0
16.601	8	1	1	1595.98	0
16.641	8	1	1	597.41	0
16.681	8	1	1	1489.39	0
16.721	8	1	1	1378.24	0
16.761	8	1	1	387.243	0
16.801	8	1	1	191.388	0
16.841	8	1	1	159.786	0
16.881	8	1	1	593.126	0
16.921	8	1	1	1364.28	0
16.961	8	1	1	1471.36	0
17.001	8	1	1	181.559	0
17.041	8	1	1	369.445	0
17.081	9	1	1	8395.15	0
17.121	9	1	1	2446.7	0
17.161	9	1	1	3341.1	0
17.201	9	1	1	1686.59	0
17.241	9	1	1	345.432	0
17.281	9	1	1	2306.07	0
17.321	9	1	1	289.932	0
17.361	9	1	1	923.321	0
17.401	9	1	1	499.689	0
17.441	9	1	1	4074.2	0
17.481	9	1	1	5750.89	0
17.521	9	1	1	3099.43	0
17.561	9	1	1	857.758	0
17.601	9	1	1	1705.45	0
17.641	9	1	1	316.463	0
17.681	9	1	1	1276.02	0
17.721	9	1	1	2531.79	0
17.761	9	1	1	517.389	0
17.801	9	1	1	742.654	0
17.841	9	1	1	1329.35	0
17.881	9	1	1	152.101	0
17.921	9	1	1	166.663	0
17.961	9	1	1	98.306	0
18.001	9	1	1	2877.66	0
18.041	9	1	1	5566.75	0
18.081	9	1	1	1868.54	0
18.121	9	1	1	2123.62	0
18.161	9	1	1	1848.28	0
18.201	9	1	1	89.5647	0
18.241	9	1	1	1382.06	0
18.281	9	1	1	353.46	0
18.321	9	1	1	460.145	0
18.361	9	1	1	336.203	0
18.401	9	1	1	1898.1	0
18.441	9	1	1	3738.51	0
18.481	10	1	1	1198.95	0
18.521	10	1	1	955.157	0
18.561	10	1	1	3137.71	0
18.601	10	1	1	2097.83	0
18.641	10	1	1	1154.42	0
18.681	10	1	1	2477.57	0
18.721	10	1	1	2433.47	0
18.761	10	1	1	1907.99	0
18.801	10	1	1	5033.55	0
18.841	10	1	1	5662.92	0
18.881	10	1	1	1345.07	0
18.921	10	1	1	935.567	0
18.961	10	1	1	3031.14	0
19.001	10	1	1	769.906	0
19.041	10	1	1	2325.96	0
19.081	10	1	1	5168.73	0
19.121	10	1	1	1998.52	0
19.161	10	1	1	1911.84	0
19.201	10	1	1	3350.67	0
19.241	10	1	1	1680.83	0
19.281	10	1	1	525.482	0
19.321	10	1	1	2308.04	0
19.361	10	1	1	6197.89	0
19.401	10	1	1	3102.4	0
19.441	10	1	1	360.193	0
19.481	10	1	1	2754.92	0
19.521	10	1	1	902.774	0
19.561	10	1	1	258.936	0
19.601	10	1	1	157.092	0
19.641	10	1	1	92.7872	0
19.681	10	1	1	83.9863	0
19.721	10	1	1	173.246	0
19.761	10	1	1	330.89	0
19.801	10	1	1	199.404	0
19.841	10	1	1	630.806	0
19.881	10	1	1	424.489	0
19.921	10	1	1	596.688	0
19.961	10	1	1	1133.28	0
